60033
797.38
507.40
120162
833.83
506.99
180288
863.68
507.00
240407
888.08
507.23
300529
908.07
507.83
360646
923.85
507.05
420772
934.03
507.02
480893
932.53
507.00
541018
931.34
506.34
601142
930.16
506.83
661255
928.83
507.00
721376
927.74
507.00
781496
926.87
507.00
841617
925.87
507.00
901744
924.78
507.00
961874
923.73
506.89
1021988
922.79
506.94
1082115
921.41
506.99
1142230
920.41
506.99
1202349
919.01
506.91
1262473
917.51
506.82
1322593
916.12
507.12
1382720
914.93
507.08
1442841
913.77
507.98
1502958
912.61
507.92
1563081
911.48
507.67
1623205
910.34
507.30
1683331
909.17
507.60
1743448
908.05
508.00
1803566
906.94
507.67
1863687
905.75
507.00
1923817
904.62
507.00
1983939
903.42
506.72
2044067
902.33
506.11
2104195
901.19
506.44
2164333
899.99
506.29
2224460
898.81
506.06
2284585
897.74
506.60
2344725
896.61
506.90
2404847
895.51
506.87
2464966
894.35
506.98
2525082
893.25
507.22
2585211
892.18
506.65
2645325
890.96
506.99
2705454
889.84
507.00
2765578
888.75
507.00
2825697
887.62
506.36
2885825
886.48
505.99
2945950
885.36
505.93
3006076
884.23
505.84
3066206
883.13
505.03
3126338
882.02
505.00
3186471
880.93
505.08
3246605
879.83
505.94
3306734
878.70
505.60
3366856
877.72
505.51
3426982
876.57
505.49
3487112
875.47
505.01
3547245
874.36
505.18
3607366
873.23
505.02
3667492
872.10
505.08
3727628
871.09
505.68
3787751
869.94
505.17
3847870
868.91
505.30
3907992
867.74
505.68
3968118
866.57
505.84
4028243
865.48
505.06
4088373
864.46
505.03
4148490
863.35
505.55
4208623
862.21
505.08
4268741
861.27
505.24
4328880
860.14
505.75
4389004
858.96
506.00
4449135
857.95
505.75
4509256
856.85
506.01
4569377
855.77
506.00
4629501
854.67
505.59
4689627
853.58
505.02
4749758
852.44
504.98
4809894
851.41
505.01
4870016
850.29
505.60
4930134
849.21
505.98
4990262
848.14
505.82
5050373
847.07
506.00
5110503
846.08
506.00
5170635
845.05
506.00
5230758
843.89
505.99
5290885
842.77
505.06
5351009
841.80
505.17
5411135
840.68
505.51
5471265
839.63
505.86
5531397
838.56
505.26
5591525
837.45
505.00
5651664
836.39
505.00
5711790
835.27
504.96
5771925
834.28
504.55
5832053
833.24
504.01
5892174
832.18
505.08
5952294
831.14
506.00
6012427
830.11
506.23
6072552
829.12
507.00
6132676
828.06
507.76
6192800
827.06
508.00
6252925
825.99
508.29
6313054
824.91
508.79
6373172
823.88
508.15
6433300
822.84
508.80
6493431
821.76
509.18
6553559
820.69
509.96
6613686
819.61
509.65
6673810
818.62
510.00
6733941
817.51
509.75
6794065
816.52
509.78
6854199
815.49
510.00
6914320
814.59
509.49
6974448
813.59
509.90
7034573
812.61
509.53
7094693
811.53
509.86
7154825
810.74
510.00
7214955
809.47
509.67
7275074
808.58
509.60
7335194
807.52
510.02
7395320
806.48
510.93
7455439
805.43
510.32
7515561
804.34
510.03
7575689
803.55
510.00
7635820
802.50
510.06
7695958
801.63
510.09
7756088
800.51
510.05
7816208
799.44
510.00
7876336
798.55
510.00
7936466
797.54
510.00
7996597
796.42
510.21
8056727
795.59
510.45
8116851
794.56
510.25
8176984
793.66
510.05
8237108
792.54
510.01
8297243
791.53
510.01
8357372
790.65
509.93
8417506
789.76
509.49
8477633
788.73
510.00
8537754
787.76
509.97
8597879
786.78
509.92
8658000
785.83
509.14
