60041
528.04
498.69
120173
581.35
499.90
180306
630.37
500.79
240432
676.32
501.04
300554
717.01
501.66
360687
753.43
502.00
420809
786.53
501.98
480929
815.09
502.01
541054
839.73
502.17
601177
861.49
502.98
661308
880.51
503.01
721430
896.40
503.01
781553
909.84
503.00
841678
922.45
503.00
901805
934.07
503.04
961929
939.71
503.60
1022050
938.19
503.44
1082177
936.46
503.19
1142308
934.87
503.93
1202429
933.33
504.00
1262559
931.84
504.00
1322685
930.43
504.00
1382808
928.98
504.00
1442933
927.58
504.00
1503052
926.27
504.09
1563172
924.86
504.07
1623294
923.49
504.19
1683412
922.13
504.00
1743538
920.68
504.00
1803668
919.40
504.03
1863803
918.00
504.26
1923928
916.57
504.99
1984054
915.26
505.00
2044178
913.87
505.00
2104301
912.53
505.00
2164430
911.28
505.02
2224553
909.91
505.32
2284680
908.61
505.87
2344800
907.31
505.62
2404925
905.94
505.67
2465046
904.59
506.00
2525159
903.31
506.00
2585285
901.91
506.00
2645424
900.59
506.00
2705546
899.29
505.94
2765674
897.91
506.00
2825796
896.57
506.00
2885926
895.34
505.99
2946054
894.01
505.93
3006174
892.64
506.00
3066296
891.37
506.01
3126427
890.04
506.09
3186553
888.68
506.00
3246678
887.41
506.04
3306801
886.03
506.02
3366934
884.68
506.00
3427055
883.38
506.05
3487193
882.09
506.02
3547316
880.69
506.01
3607447
879.47
506.00
3667573
878.17
506.00
3727693
876.79
506.00
3787827
875.47
505.99
3847957
874.19
506.00
3908089
872.76
506.00
3968216
871.47
505.99
4028341
870.13
505.36
4088465
868.71
505.02
4148590
867.41
504.99
4208713
866.10
505.00
4268835
864.71
505.00
4328958
863.47
505.01
4389090
862.23
505.00
4449225
860.88
505.01
4509353
859.54
505.39
4569469
858.29
505.54
4629600
856.92
505.12
4689720
855.67
505.36
4749833
854.37
505.71
4809954
853.08
505.99
4870097
851.72
506.00
4930217
850.47
506.00
4990342
849.23
506.00
5050474
847.91
505.98
5110605
846.70
505.99
5170734
845.47
505.98
5230858
844.23
506.00
5290976
842.96
506.00
5351098
841.65
505.81
5411226
840.44
505.60
5471356
839.19
505.32
5531476
837.87
505.99
5591610
836.60
506.00
5651733
835.39
505.97
5711859
834.16
505.99
5771984
832.83
506.56
5832104
831.66
506.67
5892224
830.42
506.02
5952352
829.18
506.02
6012475
827.97
506.00
6072596
826.76
506.00
6132718
825.64
506.05
6192835
824.43
506.02
6252946
823.21
506.00
6313071
822.01
506.05
6373188
820.76
506.02
6433324
819.62
506.00
6493450
818.43
506.00
6553582
817.29
506.07
6613703
816.09
506.07
6673822
814.90
506.12
6733939
813.77
506.34
6794062
812.62
506.37
6854187
811.49
506.84
6914305
810.33
506.23
6974420
809.19
506.36
7034534
808.05
506.57
7094650
806.86
507.00
7154769
805.70
506.93
7214903
804.60
506.98
7275032
803.51
506.90
7335152
802.37
507.00
7395274
801.24
506.99
7455398
800.16
506.54
7515517
799.09
506.97
7575646
798.00
506.99
7635766
796.87
507.00
7695893
795.79
507.00
7756013
794.66
507.00
7816133
793.55
507.01
7876263
792.50
507.08
7936393
791.44
507.05
7996512
790.35
507.58
8056631
789.21
507.57
8116748
788.13
507.45
8176869
787.09
507.50
8236993
785.99
507.71
8297123
784.94
507.79
