63191
927.92
498.03
126480
924.61
498.68
189769
921.83
498.98
253059
919.03
499.20
316348
916.46
499.00
379638
914.24
499.19
442928
911.96
499.62
506216
909.61
499.95
569505
907.24
499.62
632795
905.04
498.97
696084
902.85
498.88
759372
900.46
499.00
822662
898.16
499.49
885952
895.86
499.95
949241
893.72
499.24
1012531
891.46
499.67
1075820
889.22
499.09
1139110
886.99
499.01
1202400
884.77
499.17
1265689
882.56
499.69
1328979
880.33
499.83
1392269
878.19
499.67
1455558
876.00
500.06
1518848
873.79
500.95
1582138
871.55
500.96
1645427
869.32
500.96
1708717
867.12
500.24
1772007
864.95
500.00
1835296
862.83
500.01
1898586
860.71
500.31
1961876
858.57
500.48
2025165
856.39
500.91
2088455
854.26
501.00
2151744
852.10
500.84
2215033
849.97
501.04
2278324
847.89
501.05
2341613
845.88
501.00
2404902
843.82
501.24
2468192
841.62
501.54
2531482
839.59
501.91
2594771
837.52
501.98
2658061
835.43
501.25
2721351
833.37
502.00
2784641
831.37
501.94
2847930
829.36
501.85
2911219
827.34
503.14
2974509
825.48
502.89
3037798
823.51
502.86
3101087
821.49
502.46
3164378
819.51
502.17
3227667
817.51
502.49
3290957
815.41
502.26
3354247
813.37
503.15
3417536
811.43
502.90
3480825
809.51
502.64
3544116
807.56
501.76
3607405
805.64
500.98
3670694
803.71
500.70
3733985
801.69
500.01
3797274
799.93
500.00
3860563
798.08
500.74
3923853
796.25
501.06
3987143
794.34
501.91
4050433
792.47
501.85
4113722
790.62
502.00
4177012
788.79
501.99
4240302
786.65
501.45
4303591
784.74
501.01
4366880
783.19
500.50
4430171
781.20
500.27
4493460
779.77
500.94
4556749
777.75
501.00
4620039
775.85
501.00
4683329
774.29
500.50
4746618
772.39
500.75
4809908
771.05
500.16
4873197
768.86
500.00
4936486
766.73
500.00
4999776
765.41
500.00
5063065
763.53
500.20
5126355
762.04
501.00
5189645
760.51
501.00
5252934
758.57
500.62
5316224
757.60
500.39
5379513
755.52
500.00
5442802
754.18
500.64
5506093
752.50
501.07
5569382
751.10
501.01
5632671
749.53
501.90
5695961
747.96
502.00
5759250
746.09
502.00
5822539
744.79
502.00
5885830
743.72
502.00
5949119
742.20
502.00
6012409
740.80
502.06
6075699
739.56
502.00
6138989
737.98
502.89
6202278
736.55
503.00