60042
928.66
502.00
120154
926.90
501.94
180277
925.25
501.13
240403
923.61
501.83
300525
922.03
502.00
360655
920.48
502.07
420776
918.94
502.49
480899
917.44
502.77
541021
915.91
502.58
601138
914.46
503.00
661249
913.03
502.87
721374
911.57
502.97
781513
910.19
503.00
841638
908.73
502.29
901764
907.37
502.07
961894
905.92
502.27
1022020
904.50
502.04
1082135
903.15
502.32
1142255
901.66
502.23
1202388
900.31
502.37
1262503
898.86
502.00
1322622
897.44
501.91
1382743
896.03
502.01
1442864
894.67
502.58
1502981
893.34
502.08
1563106
891.94
502.15
1623226
890.54
502.27
1683355
889.18
502.63
1743481
887.72
503.00
1803603
886.40
503.00
1863731
885.01
503.00
1923853
883.61
502.87
1983980
882.25
502.54
2044100
880.86
502.76
2104232
879.52
503.00
2164362
878.20
503.00
2224480
876.78
503.00
2284600
875.45
503.00
2344737
874.07
503.00
2404867
872.62
502.16
