60042
556.25
498.00
120179
631.36
498.03
180310
698.83
498.91
240427
756.50
498.43
300553
804.45
498.17
360669
843.52
498.23
420790
874.85
498.01
480908
899.28
497.83
541037
918.56
498.50
601163
934.43
498.71
661294
945.85
498.85
721426
949.04
498.90
781545
947.94
499.00
841676
946.53
499.01
901806
945.03
499.04
961931
943.56
499.32
1022064
942.25
499.93
1082208
940.70
499.87
1142331
938.90
499.19
1202457
937.24
500.00
1262577
935.69
499.74
1322712
934.20
499.65
1382836
932.75
499.41
1442957
931.22
499.55
1503087
929.76
500.00
1563215
928.48
500.00
1623345
927.20
500.00
1683468
925.75
500.01
1743598
924.44
500.01
1803725
923.04
500.02
1863859
921.71
500.03
1923996
920.27
500.00
1984135
919.01
500.00
2044261
917.60
499.57
2104388
916.28
499.22
2164519
914.96
500.00
2224650
913.58
500.00
2284783
912.27
500.10
2344910
911.04
500.20
2405046
909.64
500.00
2465178
908.40
500.00
2525306
906.97
499.66
2585433
905.69
499.01
2645558
904.33
499.01
2705681
902.99
499.06
2765806
901.64
499.00
2825931
900.33
499.00
2886061
898.95
499.84
2946194
897.64
500.05
3006323
896.46
500.02
3066449
895.05
500.00
3126581
893.73
500.01
3186713
892.43
500.51
3246844
891.01
500.73
3306977
889.72
500.88
3367093
888.30
500.93
3427219
887.01
500.56
3487335
885.62
501.00
3547460
884.29
501.00
3607591
882.96
501.00
3667709
881.68
500.74
3727833
880.35
500.23
3787957
878.98
500.14
3848082
877.68
500.01
3908208
876.31
500.01
3968337
874.93
500.01
4028461
873.23
500.00
4088601
870.00
500.00
4148733
867.13
500.01
4208861
865.59
500.07
4268982
864.39
500.42
4329118
863.28
500.13
4389244
862.20
500.13
4449370
861.13
500.38
4509498
859.92
500.35
4569623
858.74
500.04
4629744
857.48
500.00
4689882
856.39
500.01
4750013
855.18
500.10
4810139
854.04
500.06
4870261
852.75
500.15
4930383
851.48
500.92
4990508
850.25
500.97
5050635
849.06
500.46
5110756
847.85
500.01
5170882
846.67
500.00
5231016
845.40
500.11
5291141
844.19
500.55
5351266
842.96
500.12
5411391
841.65
500.21
5471523
840.45
500.84
5531642
839.20
500.74
5591763
837.87
501.00
5651888
836.60
501.00
5712024
835.33
500.53
5772150
834.12
500.42
5832272
832.81
500.05
5892401
831.57
500.25
5952527
830.41
501.00
6012654
829.06
501.00
6072770
827.87
501.00
6132894
826.62
501.00
6193029
825.37
501.00
6253159
824.14
501.05
6313275
822.87
501.09
6373404
821.64
501.00
6433531
820.37
500.69
6493656
819.15
500.99
6553780
817.86
500.99
6613910
816.57
501.00
6674030
815.40
501.00
6734163
814.18
501.00
6794290
812.96
501.01
6854412
811.73
501.00
6914537
810.51
501.00
6974652
809.31
501.00
7034779
808.14
501.00
7094907
806.89
501.00
7155032
805.70
500.98
7215157
804.50
501.00
7275284
803.28
501.00
7335411
802.14
501.00
7395542
801.00
500.76
7455678
799.77
500.04
7515810
798.69
500.18
7575937
797.52
501.00
7636056
796.38
500.89
7696175
795.20
500.64
7756296
793.99
500.18
7816426
792.83
500.01
7876557
791.62
500.00
7936688
790.43
500.00
7996823
789.27
500.00
8056948
788.07
499.62
8117069
786.84
499.01
8177187
785.68
499.00
8237317
784.54
499.00
8297440
783.43
499.00
8357565
782.27
499.00
8417692
781.10
499.00
8477822
779.91
499.00
8537944
778.80
498.99
8598064
777.56
498.96
8658181
776.43
498.22
8718315
775.31
498.06
8778435
774.11
498.02
8838556
773.12
498.00
8898676
771.92
498.01
8958816
770.86
498.01
9018950
769.73
498.31
9079085
768.67
498.76
9139207
767.64
498.71
9199335
766.51
498.91
9259471
765.50
498.64
9319600
764.58
498.30
9379723
763.29
499.00
9439855
762.38
499.26
9499988
761.30
499.95
9560117
760.24
499.36
9620254
759.24
500.00
9680382
757.99
500.14
9740509
757.07
500.09
9800640
755.97
500.57
9860764
755.08
501.00
9920901
754.04
500.31
9981028
752.94
500.72
10041152
751.92
501.00
10101280
749.87
501.00
10161400
741.78
501.00
10221523
740.70
501.71
10281641
739.89
501.94
10341770
738.94
502.00
10401894
737.78
501.39
10462022
736.82
502.00
10522152
735.91
501.96
10582272
734.99
501.64
10642399
734.02
502.00
10702531
733.08
502.00
10762657
732.04
502.00
10822782
731.19
501.95
10882904
730.07
502.00
10943022
729.31
502.00
11003147
728.37
501.95
11063283
727.41
502.00
11123416
726.59
502.00
11183542
725.50
502.00
11243672
724.60
502.00
11303800
723.63
502.01
11363913
722.65
502.01
11424038
721.66
502.00
11484163
720.80
502.00
11544289
719.84
502.00
11604412
718.86
502.00
11664538
717.90
502.00
11724665
716.95
502.00
11784790
716.00
502.00
11844913
715.02
501.61
11905037
713.98
502.00
11965165
713.00
501.96
12025290
712.11
501.94
