63191
774.99
496.90
126480
775.86
496.44
189769
772.76
495.75
253059
769.79
495.70
316348
767.03
495.76
379637
764.57
496.00
442927
762.13
495.55
506216
759.89
495.31
569505
757.70
495.57
632795
755.56
495.01
696084
753.51
495.00
759373
751.57
495.56
822663
749.73
497.13
885952
747.88
497.44
949241
746.08
497.00
1012531
744.33
497.28
1075821
742.57
496.87
1139110
740.88
496.36
1202400
739.27
496.91
1265690
737.57
496.01
1328979
736.02
495.51
1392269
734.49
496.82
1455559
733.07
496.81
1518849
731.62
496.02
1582138
730.21
496.79
1645428
728.64
496.33
1708718
727.21
496.45
1772007
725.83
496.67
1835296
724.07
496.34
1898587
723.02
496.02
1961876
721.29
496.66
2025165
720.44
496.69
2088455
718.26
496.97
2151745
717.02
497.80
2215034
715.64
497.99
2278324
713.86
497.01
2341613
713.04
497.87
2404903
711.51
497.74
2468193
710.09
497.11
2531482
708.44
497.36
2594771
707.32
496.45
2658062
706.21
497.50
2721351
704.83
498.03
2784641
704.20
497.96