60033
704.82
501.92
120159
745.25
502.00
180287
781.26
501.64
240418
812.73
501.95
300545
839.94
502.01
360670
863.41
502.08
420787
883.53
502.01
480909
900.44
502.21
541037
914.71
502.39
601160
925.12
502.00
661280
930.36
502.29
721405
928.74
502.10
781534
927.20
502.12
841651
925.92
502.42
901777
924.52
502.28
961902
923.43
502.89
1022021
922.27
502.26
1082147
921.09
502.01
1142282
920.15
502.32
1202400
919.14
503.00
1262517
918.26
503.00
1322647
917.08
503.00
1382767
916.14
503.00
1442888
915.08
503.00
1503021
914.19
503.21
1563151
913.12
503.99
1623272
911.94
503.42
1683398
910.74
503.01
1743531
909.69
503.02
1803659
908.42
503.01
1863793
907.39
503.01
1923921
906.17
503.53
1984053
905.02
504.00
2044182
903.93
504.00
2104309
902.70
504.20
2164436
901.53
504.36
2224568
900.38
504.91
2284699
899.15
504.38
2344823
898.00
504.45
2404950
896.87
504.81
2465075
895.65
505.00
2525202
894.55
504.73
2585327
893.35
505.00
2645452
892.22
505.00
2705579
891.06
504.94
2765711
890.01
505.02
2825843
888.98
505.22
2885969
887.95
505.89
2946101
886.94
505.42
3006232
885.81
505.03
3066353
884.88
505.04
3126478
883.90
505.05
3186599
882.95
505.45
3246721
881.94
505.98
3306859
880.95
505.91
3366981
879.97
505.28
3427102
879.02
506.02
3487227
878.09
506.63
3547347
877.15
506.11
3607474
876.19
506.91
3667595
875.11
506.36
3727720
874.03
506.03
3787846
873.02
506.37
3847974
872.06
506.22
3908101
871.06
506.10
3968218
870.07
506.08
4028348
869.06
506.11
4088461
868.08
506.15
4148591
867.11
506.00
4208710
866.06
505.98
4268840
864.96
505.96
4328967
863.97
505.12
