60042
462.60
502.77
120177
538.04
503.43
180296
608.32
504.00
240419
672.23
504.48
300545
727.94
504.56
360671
774.47
505.00
420789
815.22
505.41
480919
847.65
505.94
541046
864.96
506.00
601169
862.54
506.00
661296
859.92
506.08
721419
857.56
507.00
781550
855.34
507.08
841681
853.19
507.90
901805
851.18
508.00
961929
849.24
508.00
1022054
847.40
508.00
1082181
845.57
507.33
1142306
843.78
506.45
1202435
841.99
506.96
1262562
840.28
506.99
1322686
838.51
506.24
1382808
836.79
506.70
1442931
835.20
507.00
1503056
833.48
506.96
1563176
831.90
507.31
1623311
830.32
507.41
1683440
828.67
507.83
1743558
827.14
508.01
1803687
825.52
507.82
1863818
823.94
507.05
1923935
822.39
507.03
1984063
820.77
505.94
2044187
819.22
505.00
2104314
817.60
504.59
2164435
816.08
504.44
2224563
814.58
505.18
2284684
813.19
506.00
2344813
811.65
505.61
2404930
810.22
505.05
2465058
808.69
505.99
2525181
807.35
506.96
2585300
805.76
507.47
2645423
804.37
508.00
2705545
802.88
508.00
2765661
801.48
508.01
2825781
800.07
508.41
2885900
798.58
509.00
2946029
797.25
509.00
3006151
795.69
509.10
3066281
794.31
509.45
3126412
792.90
509.09
3186534
791.49
509.00
3246664
790.15
508.39
3306782
788.64
508.01
3366915
787.37
508.62
3427039
785.91
509.00
3487171
784.60
511.80
3547296
783.37
511.43
3607422
782.05
510.31
3667560
780.62
510.01
3727694
779.43
510.01
3787830
778.08
509.79
3847966
776.73
509.76
3908092
775.45
509.29
3968226
774.17
508.65
4028360
772.75
509.66
4088484
771.53
509.33
4148617
770.36
509.99
4208746
769.16
508.65
4268879
767.80
506.82
4329001
766.61
505.45
4389135
765.40
504.74
4449259
764.14
504.83
4509395
762.79
504.74
4569519
761.62
505.90
4629645
760.41
506.65
4689779
759.24
506.98
4749901
758.01
507.00
4810036
756.87
507.28
4870166
755.69
507.85
4930302
754.48
508.00
4990432
753.39
508.16
5050562
752.21
508.92
5110685
751.17
508.78
5170813
750.01
508.37
5230944
748.86
508.68
5291062
747.72
509.34
5351173
746.60
509.05
5411301
745.51
508.45
5471418
744.40
508.22
5531548
743.33
508.11
5591675
742.23
507.99
5651798
741.14
508.51
5711924
740.07
509.00
5772055
739.03
508.14
5832185
737.90
503.58
5892312
736.78
497.65
5952438
735.68
501.32
6012574
734.66
495.74
6072702
733.50
485.31
6132828
732.36
482.48
6192956
731.25
482.71
6253081
730.03
488.82
6313201
728.96
486.33
6373323
727.74
480.47
6433449
726.67
483.29
6493578
725.52
485.20
6553701
724.51
486.53
6613826
723.49
488.74
6673953
722.42
485.39
6734078
721.35
484.58
6794210
720.32
483.68
6854338
719.34
485.90
6914458
718.39
488.76
6974579
717.41
490.61
7034701
716.42
487.74
7094830
715.40
489.19
7154961
714.43
489.87
7215086
713.37
488.81
7275219
712.40
487.24
7335341
711.39
487.37
7395461
710.44
485.08
7455591
709.37
483.07
7515718
708.38
476.43
7575844
707.35
472.73
7635963
706.35
477.44
7696091
705.33
483.78
7756214
704.46
485.99
7816339
703.59
487.22
7876477
702.74
489.36
7936612
701.90
490.48
7996730
701.02
490.31
8056864
700.07
491.27
8117000
699.22
491.69
8177125
698.34
491.76
8237260
697.49
493.12
8297402
696.67
494.67
8357530
695.85
494.54
8417668
694.95
493.00
8477797
694.12
494.02
8537928
693.32
494.18
8598054
692.51
495.77
8658179
691.72
494.93
8718305
690.92
495.14
8778436
690.09
495.86
8838567
689.28
496.62
8898698
688.58
496.74
8958821
687.83
497.53
9018953
687.09
496.79
9079090
686.25
496.90
9139225
685.48
497.94
9199356
684.76
498.25
9259487
684.00
499.40
9319614
683.21
499.80
9379739
682.64
499.34
9439872
681.88
497.30
9499998
681.02
499.23
9560141
680.31
499.09
9620274
679.78
498.63
9680396
679.00
499.96
9740522
678.24
501.04
9800651
677.64
501.45
9860773
676.93
500.96
9920894
676.03
501.15
9981029
675.61
500.26
10041171
674.88
500.33
10101299
674.05
500.62
10161421
673.50
501.01
10221544
672.96
501.55
10281673
672.16
501.46
10341801
671.66
500.81
10401925
670.96
500.61
