60039
525.25
497.45
120164
590.42
497.74
180283
650.90
497.88
240407
705.11
498.00
300539
753.07
497.50
360679
794.62
497.95
420806
829.15
498.03
480941
857.90
498.00
541067
880.42
498.68
601195
899.62
498.94
661325
916.65
499.00
721446
930.74
499.82
781566
936.84
500.32
841681
934.52
501.00
901806
932.48
500.73
961929
930.40
501.07
1022058
928.44
502.00
1082182
926.60
502.00
1142311
924.75
502.30
1202435
922.91
503.01
1262564
921.09
503.11
1322689
919.32
503.73
1382822
917.51
504.00
1442952
915.72
503.99
1503070
913.99
504.23
1563187
912.28
504.31
1623311
910.61
504.88
1683437
908.93
505.02
1743560
907.26
505.52
1803686
905.56
505.97
1863811
903.85
505.21
1923941
902.22
505.05
1984083
900.46
505.69
2044201
898.78
505.81
2104321
897.16
505.31
2164448
895.51
505.33
2224570
893.81
506.00
2284694
892.25
506.04
2344816
890.56
506.71
2404937
888.87
506.63
2465063
887.26
506.33
2525182
885.56
506.66
2585305
883.96
506.35
2645432
882.32
506.27
2705558
880.63
505.77
2765679
879.06
506.65
2825800
877.46
506.54
2885916
875.76
506.53
2946046
874.16
506.36
3006174
872.51
506.02
3066301
870.84
506.00
3126425
869.28
505.89
3186549
867.58
505.85
3246674
865.99
505.38
3306798
864.40
505.20
3366920
862.73
506.00
3427047
861.15
506.00
3487171
859.51
506.11
3547300
857.88
506.64
3607432
856.35
506.51
3667557
854.71
506.96
3727671
853.13
506.92
3787800
851.53
506.62
3847921
849.94
507.02
3908049
848.41
507.83
3968154
846.84
507.07
4028275
845.36
507.00
4088402
843.82
507.00
4148542
842.26
507.01
4208664
840.67
506.96
4268789
839.15
506.43
4328909
837.55
506.00
4389037
836.07
506.00
4449172
834.51
506.00
4509307
833.00
506.32
4569428
831.50
506.95
4629559
830.01
507.13
4689685
828.51
507.00
4749814
827.05
507.00
4809937
825.53
507.01
4870063
824.07
506.75
4930185
822.57
506.82
4990315
821.10
507.02
5050440
819.58
507.00
5110554
818.17
507.00
5170677
816.69
506.48
5230793
815.36
506.89
5290921
813.88
506.44
5351047
812.49
506.79
5411173
811.12
506.90
5471298
809.66
506.69
5531414
808.34
506.27
5591520
806.89
506.39
5651646
805.50
506.60
5711765
804.16
506.12
5771889
802.67
505.95
5832015
801.36
506.00
5892143
800.00
506.00
5952268
798.66
506.09
6012395
797.37
506.13
6072513
795.97
506.13
6132638
794.61
505.24
6192764
793.25
505.56
6252892
791.91
505.76
6313018
790.54
506.00
6373143
789.24
506.11
6433265
787.82
506.03
6493396
786.53
506.51
6553523
785.24
506.88
6613647
783.88
507.00
6673771
782.69
506.90
6733899
781.44
506.63
6794036
780.20
506.51
6854159
778.85
506.36
