60033
704.82
501.92
120159
745.25
502.00
180287
781.26
501.64
240418
812.73
501.95
300545
839.94
502.01
360670
863.41
502.08
420787
883.53
502.01
480909
900.44
502.21
541037
914.71
502.39
601160
925.12
502.00
661280
930.36
502.29
721405
928.74
502.10
781534
927.20
502.12
841651
925.92
502.42
901777
924.52
502.28
961902
923.43
502.89
1022021
922.27
502.26
1082147
921.09
502.01
1142282
920.15
502.32
1202400
919.14
503.00
1262517
918.26
503.00
1322647
917.08
503.00
1382767
916.14
503.00
1442888
915.08
503.00
1503021
914.19
503.21
1563151
913.12
503.99
1623272
911.94
503.42
1683398
910.74
503.01
1743531
909.69
503.02
1803659
908.42
503.01
1863793
907.39
503.01
1923921
906.17
503.53
1984053
905.02
504.00
2044182
903.93
504.00
2104309
902.70
504.20
2164436
901.53
504.36
2224568
900.38
504.91
2284699
899.15
504.38
2344823
898.00
504.45
2404950
896.87
504.81
2465075
895.65
505.00
2525202
894.55
504.73
2585327
893.35
505.00
2645452
892.22
505.00
2705579
891.06
504.94
2765711
890.01
505.02
2825843
888.98
505.22
2885969
887.95
505.89
2946101
886.94
505.42
3006232
885.81
505.03
3066353
884.88
505.04
3126478
883.90
505.05
3186599
882.95
505.45
3246721
881.94
505.98
3306859
880.95
505.91
3366981
879.97
505.28
3427102
879.02
506.02
3487227
878.09
506.63
3547347
877.15
506.11
3607474
876.19
506.91
3667595
875.11
506.36
3727720
874.03
506.03
3787846
873.02
506.37
3847974
872.06
506.22
3908101
871.06
506.10
3968218
870.07
506.08
4028348
869.06
506.11
4088461
868.08
506.15
4148591
867.11
506.00
4208710
866.06
505.98
4268840
864.96
505.96
4328967
863.97
505.12
4389093
862.98
505.00
4449221
861.91
505.10
4509346
860.88
505.06
4569470
859.93
505.00
4629600
858.79
505.00
4689730
857.83
505.00
4749856
856.71
505.00
4809980
855.76
504.99
4870109
854.59
504.84
4930238
853.60
505.00
4990370
852.59
504.97
5050491
851.55
505.00
5110616
850.44
505.00
5170741
849.42
505.01
5230864
848.47
505.04
5290988
847.55
505.45
5351108
846.52
505.02
5411226
845.53
505.05
5471357
844.52
505.00
5531475
843.50
504.62
5591610
842.51
504.00
5651727
841.60
503.96
5711857
840.59
503.10
5771985
839.62
503.01
5832107
838.69
503.02
5892236
837.84
503.00
5952359
836.81
502.84
6012490
835.94
502.33
6072619
834.84
502.56
6132751
834.11
502.58
6192872
833.15
502.70
6252990
832.20
502.23
6313115
831.31
502.47
6373233
830.41
502.07
6433358
829.37
501.97
6493489
828.64
502.00
6553625
827.58
501.99
6613756
826.65
501.15
6673888
825.76
501.04
6734020
824.89
501.00
6794131
823.71
501.00
6854254
822.84
500.99
6914373
821.77
500.62
6974514
820.78
500.65
7034637
819.88
500.53
7094773
818.83
500.85
7154899
817.93
500.75
7215028
816.95
500.94
7275147
816.00
501.02
7335266
815.18
501.00
7395397
814.26
501.01
7455529
813.27
501.72
7515663
812.40
501.37
7575790
811.50
501.00
7635918
810.58
501.03
7696043
809.70
501.00
7756177
808.77
501.00
7816301
807.85
501.02
7876421
806.94
501.09
7936550
805.89
501.18
7996675
804.93
501.01
8056798
804.00
501.07
8116923
803.10
501.34
8177039
802.19
501.64
8237159
801.31
501.04
8297283
800.43
500.99
8357410
799.57
500.59
8417531
798.71
500.08
8477656
797.83
500.01
8537782
796.97
500.00
8597912
796.08
499.94
8658036
795.22
499.74
8718163
794.31
499.48
8778292
793.35
499.02
8838412
792.52
499.69
8898541
791.54
499.58
8958659
790.61
499.00
9018790
789.72
499.08
9078906
788.85
499.01
9139026
787.90
499.07
9199147
787.02
499.57
9259275
786.26
499.06
9319407
785.29
499.29
9379525
784.45
499.02
9439657
783.59
499.05
9499777
782.97
499.77
9559901
782.04
500.27
9620022
781.24
500.97
