26313
728.06
507.00
676.29
50
33
36314
730.83
508.66
676.36
50
30
46313
734.49
508.49
675.53
50
19
56313
735.39
507.93
674.56
50
17
66314
737.96
507.51
673.65
50
0
76313
737.87
506.18
672.73
50
0
86313
737.17
507.00
672.00
50
0
96313
737.67
506.65
671.29
50
0
106313
737.51
506.00
670.90
50
0
116314
736.95
506.07
670.00
64
100
126313
742.61
510.92
672.38
73
100
136313
752.93
510.91
672.00
71
100
146314
762.28
510.92
672.02
71
100
156313
771.87
511.01
672.74
71
100
166313
781.61
511.77
673.10
71
100
176313
789.94
512.00
674.09
71
100
186313
797.45
512.02
675.15
71
100
196314
805.29
512.06
676.36
71
100
206313
812.41
512.71
677.64
71
100
216313
819.56
512.97
679.20
71
100
226314
827.44
513.00
680.67
71
100
236313
834.26
512.62
682.44
71
100
246313
841.27
512.67
684.19
71
100
256313
846.68
512.69
686.04
71
100
266313
852.17
512.00
687.94
71
77
276314
858.42
511.19
689.32
71
38
286313
860.29
509.54
690.23
71
35
296313
863.60
509.72
692.21
71
16
306314
861.03
508.49
693.68
71
40
316313
865.76
509.58
696.21
71
0
326313
862.98
507.59
696.86
71
13
336313
867.00
507.66
698.86
71
0
346313
866.06
507.00
700.01
71
0
356314
863.20
507.00
701.42
71
11
366313
863.62
507.44
702.93
71
10
376313
863.73
507.44
703.94
71
11
386314
865.18
507.56
705.02
71
0
396313
862.77
507.00
705.63
71
14
406313
865.13
507.57
706.98
71
0
416313
863.31
506.83
707.39
71
10
426313
865.05
506.96
708.47
71
0
436314
862.25
506.04
709.01
71
19
446313
864.60
507.31
710.37
71
0
456313
863.81
506.99
710.56
71
6
466314
865.72
507.24
711.25
71
0
476313
862.86
507.14
711.94
71
14
486313
861.85
507.74
712.84
71
26
496313
867.00
508.31
713.58
71
0
506313
863.20
507.20
713.72
71
11
516314
865.43
508.26
714.46
71
0
526313
865.57
508.00
714.99
71
0
536313
862.88
508.00
715.38
71
14
546314
864.71
508.63
716.29
71
0
556313
865.25
508.00
716.45
71
0
566313
863.06
508.00
716.99
71
12
576313
864.57
508.61
717.51
71
0
586313
863.10
508.05
717.95
71
12
596314
864.08
508.83
718.30
71
6
606313
862.80
508.30
718.82
71
18
616313
865.54
508.83
719.36
71
0
626314
865.08
508.00
719.06
71
0
636313
863.71
508.00
719.91
71
6
646313
862.73
508.24
720.12
71
16
656313
864.76
508.72
720.49
71
0
666313
861.42
508.52
720.59
71
26
676314
862.63
509.33
721.53
71
22
686313
865.11
509.12
721.48
71
0
696313
862.09
508.17
721.02
71
20
706314
863.55
509.03
722.25
71
13
716313
864.75
508.67
722.26
71
0
726313
863.24
508.97
722.00
71
10
736313
863.10
509.38
722.86
71
14
746313
863.21
508.96
723.28
71
16
756314
863.92
509.65
723.39
71
13
766313
864.99
509.53
723.49
71
0
776313
862.55
509.00
723.93
71
16
786314
865.60
509.12
724.32
71
0
796313
861.72
508.00
724.00
71
23
806313
867.07
509.16
725.02
71
0
816313
863.08
507.56
724.97
71
12
826313
866.30
508.43
725.24
71
0
836314
862.47
507.98
725.00
71
17
846313
865.96
508.69
725.64
71
0
856313
863.06
508.60
725.82
71
12
866314
865.14
509.49
726.24
71
0
876313
862.45
509.33
726.00
71
17
886313
865.56
510.69
726.48
71
0
896313
864.50
510.00
726.08
71
0
906313
863.29
509.83
726.57
71
10
916314
862.90
509.52
727.14
71
16
926313
864.52
509.81
727.27
71
0
936313
864.86
509.18
727.00
71
0
946314
863.16
509.11
727.00
71
11
956313
863.82
510.15
727.24
71
8
966313
862.68
510.32
727.21
71
19
976313
865.85
510.41
727.58
71
0
986313
863.89
509.00
727.03
71
5
996314
863.76
509.28
727.66
71
7
1006313
863.99
509.43
728.13
71
7
1016313
863.88
509.42
728.14
71
9
1026314
858.43
509.45
728.19
71
38
1036313
858.41
510.54
728.69
71
38
1046313
860.02
510.57
728.20
71
38
1056313
858.34
510.54
728.15
71
39
1066313
859.69
510.77
728.16
71
30
1076314
859.64
510.22
727.89
71
31
1086313
861.34
509.60
727.93
71
27
1096313
861.02
509.41
727.83
71
36
1106314
860.34
510.42
728.15
71
49
1116313
863.80
510.98
728.87
71
28
1126313
864.61
510.13
728.57
71
0
1136313
862.23
509.00
728.00
71
19
1146313
863.18
509.98
728.57
71
16
1156314
863.02
509.81
728.49
71
20
1166313
862.81
509.81
728.90
71
25
1176313
863.44
510.05
729.41
71
23
1186314
864.72
510.16
729.46
71
0
1196313
862.80
509.00
729.00
71
14
1206313
861.74
509.65
729.39
71
27
1216313
863.79
510.36
729.81
71
15
1226313
864.45
509.90
729.46
71
11
1236314
864.36
509.68
729.39
71
12
1246313
863.19
509.69
729.97
71
22
1256313
863.46
510.64
730.39
71
22
1266314
865.15
510.89
730.44
71
0
1276313
863.85
510.00
730.00
71
5
1286313
863.05
509.42
730.12
71
13
1296313
863.08
509.72
730.35
71
16
1306313
864.18
509.81
730.48
71
10
1316314
863.94
509.51
730.31
71
12
1326313
864.59
509.61
730.48
71
0
1336313
862.82
509.00
730.52
71
14
1346314
862.36
509.69
731.12
71
21
1356313
863.93
509.85
731.34
71
13
1366313
864.33
509.53
731.26
71
10
1376313
865.45
509.41
731.20
71
0
1386313
862.92
509.00
731.00
71
13
1396314
864.43
509.53
731.27
71
3
1406313
862.80
509.12
731.08
71
18
1416313
865.15
509.88
731.51
71
0
1426314
861.28
509.00
731.00
71
27
1436313
865.40
509.99
731.81
71
0
1446313
863.94
508.95
731.08
71
4
1456313
862.82
509.16
731.63
71
15
1466313
863.93
509.20
732.17
71
9
1476314
864.20
509.00
732.15
71
8
1486313
863.50
508.61
732.16
71
15
1496313
864.15
508.76
732.30
71
11
1506314
865.03
508.56
732.22
71
0
1516313
864.00
508.05
732.00
71
4
1526313
862.41
509.08
732.09
71
18
1536313
865.75
508.94
732.47
71
0
1546313
862.08
508.08
732.00
71
20
1556314
864.40
509.01
732.59
71
6
1566313
865.04
508.30
732.19
71
0
1576313
863.66
508.00
732.02
71
7
1586314
863.88
508.28
732.22
71
7
1596313
862.12
508.98
732.26
71
23
1606313
864.16
509.93
732.73
71
10
1616313
862.54
509.51
732.54
71
25
1626313
861.45
510.25
733.24
71
38
1636314
866.75
510.91
733.76
71
0
1646313
867.69
509.00
733.00
71
0
1656313
866.14
508.20
733.00
71
0
1666314
866.23
508.84
733.00
71
0
1676313
864.29
508.84
733.00
71
1
1686313
866.46
509.04
733.03
71
0
1696313
863.10
509.00
733.01
71
12
1706313
867.20
509.49
733.36
71
0
1716314
864.70
509.00
733.00
71
0
1726313
861.91
508.20
733.01
71
22
1736313
866.23
509.86
733.67
71
0
1746314
863.94
508.92
733.04
71
4
1756313
865.93
508.38
733.26
71
0
1766313
861.41
507.71
733.28
71
26
1776313
864.25
509.05
734.07
71
8
1786313
867.86
508.32
733.98
71
0
1796314
863.62
508.01
733.96
71
7
1806313
862.64
508.70
734.14
71
17
1816313
867.60
509.68
734.34
71
0
1826314
866.06
508.87
733.99
71
0
1836313
862.30
509.00
733.99
71
18
1846313
862.17
509.73
734.36
71
24
1856313
862.80
509.97
734.48
71
24
1866313
865.47
509.74
734.48
71
0
1876314
866.58
508.51
734.00
71
0
1886313
866.97
508.01
734.01
71
0
1896313
865.12
508.22
734.01
71
0
1906314
864.60
508.00
734.01
71
0
1916313
866.04
508.00
734.00
71
0
1926313
867.90
508.00
734.00
71
0
1936313
868.12
508.02
734.00
71
0
1946313
866.57
508.00
734.00
71
0
1956314
864.83
508.00
734.00
71
0
1966313
863.52
508.00
734.00
71
8
1976313
863.32
508.40
734.22
71
12
1986314
864.51
507.74
734.29
71
0
1996313
864.72
507.60
734.00
71
0
2006313
865.94
508.00
734.00
71
0
2016313
863.91
508.00
734.00
71
5
2026313
863.11
508.20
734.10
71
13
2036314
864.41
508.37
734.26
71
4
2046313
862.36
508.10
734.05
71
22
2056313
861.49
508.51
734.33
71
34
2066314
863.31
508.72
734.61
71
25
2076313
867.51
508.25
734.50
71
0
2086313
869.86
507.00
734.00
71
0
2096313
868.51
507.00
734.00
71
0
2106313
864.65
506.92
734.00
71
0
2116314
862.26
506.89
734.00
71
19
2126313
865.18
508.15
734.49
71
0
2136313
865.74
507.73
734.00
71
0
2146314
864.78
508.00
734.00
71
0
2156313
862.42
508.00
734.00
71
17
2166313
863.25
508.91
734.50
71
15
2176313
865.23
508.76
734.43
71
0
2186313
866.90
508.00
734.02
71
0
2196314
867.28
507.99
734.01
71
0
2206313
863.55
508.00
734.00
71
8
2216313
862.42
508.45
734.24
71
19
2226314
864.11
509.02
734.58
71
9
2236313
863.07
509.30
734.31
71
19
2246313
864.62
509.77
734.74
71
0
2256313
863.09
509.00
734.58
71
12
2266313
865.49
509.14
735.02
71
0
2276314
868.59
508.36
734.91
71
0
2286313
867.35
508.00
734.94
71
0
2296313
865.55
508.44
734.97
71
0
2306314
863.74
508.11
734.95
71
6
2316313
862.24
508.24
735.04
71
21
2326313
863.84
508.97
735.39
71
12
2336313
864.30
508.58
735.22
71
9
2346313
864.07
508.34
735.18
71
11
2356314
865.02
508.44
735.22
71
0
2366313
863.33
508.00
735.00
71
10
2376313
865.92
508.64
735.20
71
0
2386314
867.82
508.66
735.00
71
0
2396313
863.23
509.00
735.00
71
11
2406313
865.18
509.44
735.31
71
0
2416313
865.54
508.59
735.00
71
0
2426313
864.23
508.05
735.00
71
2
2436314
863.51
508.11
735.05
71
9
2446313
863.34
508.45
735.23
71
12
2456313
865.27
508.59
735.27
71
0
2466314
867.61
508.39
735.00
71
0
2476313
863.13
508.65
735.00
71
11
2486313
864.09
508.58
735.24
71
6
2496313
866.48
508.31
735.15
71
0
2506313
864.19
508.93
735.00
71
2
2516314
861.72
509.08
735.05
71
24
2526313
862.52
510.21
735.64
71
23
2536313
865.81
510.13
735.66
71
0
2546314
863.92
509.01
735.00
71
5
2556313
863.48
509.25
735.15
71
10
2566313
864.02
509.45
735.33
71
7
2576313
864.22
509.35
735.25
71
6
2586313
862.69
509.30
735.35
71
20
2596314
864.86
510.01
736.01
71
0
2606313
865.93
509.01
735.85
71
0
2616313
866.55
509.62
735.92
71
0
2626314
865.34
510.00
735.95
71
0
2636313
862.72
509.28
735.91
71
15
2646313
864.44
509.03
736.23
71
4
2656313
863.70
508.20
736.02
71
10
2666313
864.52
508.40
736.18
71
0
2676314
863.46
508.00
736.00
71
9
2686313
866.74
508.57
736.18
71
0
2696313
868.68
508.66
736.00
71
0
2706314
868.09
509.00
736.00
71
0
2716313
868.30
509.00
736.00
71
0
2726313
866.01
509.00
736.00
71
0
2736313
865.39
509.00
736.00
71
0
2746313
866.69
508.99
736.00
71
0
2756314
862.80
508.97
735.98
71
14
2766313
863.15
509.57
736.12
71
15
2776313
866.17
509.76
735.86
71
0
2786314
866.49
509.34
735.46
71
0
2796313
865.00
509.77
735.14
71
0
2806313
862.24
509.37
735.01
71
19
2816313
862.08
510.24
735.57
71
25
2826313
863.83
510.25
735.76
71
15
2836314
865.11
509.59
735.46
71
0
2846313
864.89
509.00
735.02
71
0
2856313
863.64
509.00
735.17
71
7
2866314
863.36
508.52
735.41
71
11
2876313
867.41
508.57
735.61
71
0
2886313
868.29
508.00
735.51
71
0
2896313
866.45
508.47
735.53
71
0
2906313
865.36
509.00
735.40
71
0
2916314
863.55
509.00
735.21
71
8
2926313
862.26
509.32
735.29
71
21
2936313
865.75
509.85
735.65
71
0
2946314
868.23
509.00
735.13
71
0
2956313
865.62
509.00
735.16
71
0
2966313
866.24
509.00
735.07
71
0
2976313
866.79
509.00
735.03
71
0
2986313
865.43
509.00
735.03
71
0
2996314
864.22
509.00
735.01
71
2
3006313
863.31
509.08
735.06
71
10
3016313
861.15
509.40
735.25
71
31
3026314
864.68
509.74
735.76
71
0
3036313
866.23
508.00
735.00
71
0
3046313
865.90
508.00
735.00
71
0
3056313
866.93
508.00
735.00
71
0
3066313
864.22
508.00
735.00
71
2
3076314
865.44
508.10
735.04
71
0
3086313
862.62
508.00
735.00
71
16
3096313
860.84
508.81
735.32
71
35
3106314
863.56
509.77
735.74
71
19
3116313
867.61
508.96
735.40
71
0
3126313
869.08
508.00
735.00
71
0
3136313
868.09
508.00
735.01
71
0
3146313
865.76
508.00
735.10
71
0
3156314
863.84
508.00
735.10
71
5
3166313
863.87
508.24
735.32
71
6
3176313
863.93
508.30
735.53
71
7
3186314
865.02
508.37
735.76
71
0
3196313
866.72
508.00
735.69
71
0
3206313
866.85
508.00
735.64
71
0
3216313
863.86
508.18
735.37
71
5
3226313
860.96
508.40
735.26
71
31
3236314
862.24
509.57
735.95
71
28
3246313
866.65
509.41
736.14
71
0
3256313
869.09
508.00
735.94
71
0
3266314
867.39
508.00
736.00
71
0
3276313
865.84
508.00
735.99
71
0
3286313
865.79
507.22
736.00
71
0
3296313
866.89
507.00
736.00
71
0
3306313
868.01
507.70
736.00
71
0
3316314
866.62
507.15
736.00
71
0
3326313
864.68
506.49
736.00
71
0
3336313
862.65
507.00
735.95
71
16
3346314
861.70
507.67
736.28
71
27
3356313
864.16
508.36
736.53
71
12
3366313
866.66
507.54
736.23
71
0
3376313
866.97
507.51
736.00
71
0
3386313
865.31
507.99
736.00
71
0
3396314
863.47
507.16
736.00
71
8
3406313
862.08
507.38
736.16
71
22
3416313
864.06
508.70
736.44
71
11
3426314
865.41
508.44
736.22
71
0
3436313
866.71
508.00
736.00
71
0
3446313
868.29
508.00
736.00
71
0
3456313
864.88
508.00
736.00
71
0
3466313
863.43
508.00
736.00
71
9
3476314
862.41
508.37
736.17
71
20
3486313
866.42
508.96
736.40
71
0
3496313
868.50
507.91
735.99
71
0
3506314
867.36
507.92
736.00
71
0
3516313
865.80
508.00
736.00
71
0
3526313
865.59
508.00
735.98
71
0
3536313
865.64
508.00
735.97
71
0
3546313
864.56
508.00
735.83
71
0
3556314
862.41
508.05
735.33
71
17
3566313
864.73
508.88
735.59
71
0
3576313
867.29
508.04
735.03
71
0
3586314
865.46
508.00
735.00
71
0
3596313
865.27
508.00
735.00
71
0
3606313
866.46
507.99
735.00
71
0
3616313
865.08
507.43
735.00
71
0
3626313
860.82
507.00
735.00
71
31
3636314
862.54
508.58
735.67
71
24
3646313
866.96
508.94
735.52
71
0
3656313
867.02
507.83
735.00
71
0
3666314
864.56
507.94
735.00
71
0
3676313
863.66
507.02
735.00
71
7
3686313
864.12
507.46
735.21
71
5
3696313
863.07
507.90
735.14
71
14
3706313
863.62
508.39
735.40
71
13
3716314
864.78
508.53
735.39
71
0
3726313
864.33
508.01
735.00
71
1
3736313
866.11
508.05
735.03
71
0
3746314
866.11
508.01
735.00
71
0
3756313
864.88
508.00
735.00
71
0
3766313
864.08
507.67
735.00
71
3
3776313
865.74
507.18
735.06
71
0
3786313
864.40
507.29
735.00
71
0
3796314
863.84
508.00
735.00
71
5
3806313
862.75
508.26
735.11
71
16
3816313
863.86
508.81
735.32
71
10
3826314
864.46
508.40
735.20
71
0
3836313
862.39
508.04
735.00
71
18
3846313
863.95
509.72
735.35
71
9
3856313
863.80
509.34
735.18
71
11
3866313
863.45
508.68
735.21
71
16
