6013
415.89
499.00
7013
415.89
499.00
8013
416.00
499.00
9014
416.00
499.00
10013
416.00
499.00
11014
416.33
499.00
12013
417.00
499.00
13014
417.78
499.11
14013
418.67
499.00
15013
419.22
499.00
16013
420.11
499.00
17013
421.22
499.00
18014
422.11
499.00
19013
423.22
499.00
20014
424.44
499.00
21013
425.67
499.00
22013
427.11
499.00
23013
427.56
499.00
24013
428.67
499.00
25014
429.89
499.00
26013
431.11
499.00
27014
432.00
499.00
28013
432.78
499.00
29014
433.11
499.00
30013
434.00
499.00
31013
434.89
499.00
32013
436.44
499.00
33013
437.67
499.00
34014
438.11
499.00
35013
439.00
499.00
36014
441.33
499.00
37013
442.00
499.00
38013
442.67
499.00
39013
444.11
499.00
40013
445.33
499.00
41014
446.44
499.00
42013
447.56
499.00
43014
448.44
499.00
44013
449.44
499.00
45014
449.78
499.00
46013
450.22
499.00
47013
450.44
499.00
48013
452.11
499.00
49013
453.56
499.00
50014
454.00
499.00
51013
455.11
499.00
52014
456.44
499.00
53013
457.67
499.00
54013
458.89
499.00
55013
460.11
499.00
56013
461.11
499.00
57014
462.33
499.00
58013
463.00
499.00
59014
464.00
499.00
60013
465.00
499.00
61014
465.89
499.00
62013
466.67
499.00
63013
467.11
499.00
64013
468.56
499.00
65013
469.56
499.00
66014
470.67
499.00
67013
472.11
499.00
68014
473.22
499.00
69013
474.00
499.00
70013
474.33
499.00
71013
475.33
499.00
72013
476.11
499.00
73014
477.33
499.00
74013
479.44
499.00
75014
480.33
499.00
76013
481.44
499.11
77014
481.89
499.00
78013
482.67
499.00
79013
483.44
499.00
80013
484.56
499.00
81013
486.56
499.00
82014
487.44
499.00
83013
487.56
499.00
84014
488.44
499.00
85013
489.00
499.00
86013
490.33
499.22
87013
492.11
499.00
88013
493.33
499.44
89014
494.11
499.89
90013
495.00
500.00
91014
495.11
499.89
92013
495.11
500.00
93014
496.78
500.00
94013
497.89
500.00
95013
499.33
499.78
96013
500.44
499.89
97013
500.78
499.44
98014
501.22
499.44
99013
502.00
499.44
100014
504.22
499.44
101013
505.56
499.44
102013
506.89
499.33
103013
507.67
499.67
104013
508.00
499.67
105014
508.67
499.89
106013
509.22
499.67
107014
511.11
499.00
108013
511.78
499.00
109014
513.22
499.00
110013
513.89
499.00
111013
513.78
499.00
112013
514.89
499.00
113013
517.22
499.00
114014
519.33
499.00
115013
520.00
499.00
116014
520.00
499.00
117013
520.00
499.00
118013
520.78
499.00
119013
521.22
499.00
120013
522.44
499.00
121014
524.22
499.00
122013
525.78
499.00
123014
527.11
499.00
124013
527.89
499.00
125014
528.67
499.00
126013
529.00
499.00
127013
530.00
499.00
128013
531.22
499.00
129013
532.33
499.00
130014
533.56
499.00
131013
534.56
499.00
132014
535.11
499.00
133013
536.00
499.00
134013
537.56
499.00
135013
539.00
499.00
136013
539.78
499.00
137014
540.44
499.00
138013
541.00
499.00
139014
541.89
499.00
140013
543.78
499.00
141014
544.00
499.00
142013
544.89
499.00
143013
545.22
499.00
144013
546.44
499.00
145013
547.67
499.00
146014
548.89
499.00
147013
549.89
499.00
148014
550.22
499.00
149013
551.00
499.00
150013
551.44
499.00
151013
551.78
499.00
152013
553.11
499.00
153014
554.11
499.00
154013
555.11
499.00
155014
556.00
499.00
156013
557.00
499.00
157014
558.67
499.00
158013
559.67
499.00
159013
560.78
499.00
160013
562.00
499.00
161013
562.56
499.00
162014
563.89
499.00
163013
564.67
499.00
164014
566.00
499.00
165013
566.22
499.00
166013
567.11
499.00
167013
568.22
499.00
168013
569.33
499.00
169014
570.00
499.00
170013
571.22
499.00
171014
572.22
499.00
172013
573.33
499.00
173014
574.00
498.78
174013
574.89
498.67
175013
575.33
498.33
176013
576.00
498.11
177013
577.11
498.00
178014
578.22
498.11
179013
579.22
498.00
180014
580.89
498.00
181013
581.11
498.00
182013
581.89
498.00
183013
583.22
498.11
184013
584.00
498.00
185014
585.22
498.00
186013
586.00
498.00
187014
586.00
498.00
188013
587.22
498.00
189014
588.11
498.33
190013
589.00
498.33
191013
589.78
498.89
192013
591.22
499.00
193013
592.67
499.00
194014
593.22
499.00
195013
593.56
499.00
196014
594.11
499.00
197013
595.00
499.00
198013
595.78
499.00
199013
596.67
499.00
200013
597.78
499.00
201014
598.56
499.00
202013
599.11
499.00
203014
600.00
499.00
204013
601.00
499.00
205014
602.00
499.00
206013
603.44
499.00
207013
604.56
499.00
208013
605.44
499.00
209013
605.89
499.00
210014
606.78
499.00
211013
607.11
499.00
212014
608.11
499.00
213013
609.00
499.00
214013
609.56
499.00
215013
610.78
499.00
216013
611.56
499.00
217014
612.00
499.00
218013
612.78
499.00
219014
614.22
499.00
220013
615.56
499.00
221014
616.56
499.00
222013
617.11
499.00
223013
618.33
499.00
224013
619.11
499.00
225013
620.11
499.00
226014
620.89
499.00
227013
621.67
499.00
228014
622.33
499.00
229013
623.44
499.00
230013
624.11
499.00
231013
625.00
499.00
232013
626.44
499.00
233014
627.00
499.00
234013
627.56
499.00
235014
628.22
499.00
236013
629.22
499.00
237014
630.56
499.00
238013
631.11
499.00
239013
631.89
499.00
240013
633.11
499.00
241013
634.11
499.00
242014
634.22
499.00
243013
635.00
498.89
244014
635.67
498.11
245013
636.89
498.11
246013
637.67
498.44
247013
638.33
498.11
248013
639.44
498.11
249014
640.56
498.11
250013
641.33
498.00
251014
642.00
498.11
252013
642.56
498.00
253014
643.56
498.00
254013
644.78
498.00
255013
645.11
498.00
256013
646.22
498.00
257013
647.22
498.11
258014
648.11
498.00
259013
649.44
498.00
260014
650.11
498.00
261013
651.22
498.00
262013
652.00
498.00
263013
652.00
498.00
264013
652.00
498.00
265014
653.44
498.00
266013
654.44
498.00
267014
655.44
498.00
268013
656.00
498.00
269014
656.78
498.00
270013
658.33
498.00
271013
659.33
498.00
272013
660.00
498.00
273013
660.67
498.00
274014
661.00
498.00
275013
661.78
498.00
276014
663.11
498.00
277013
664.33
498.00
278013
665.00
498.00
279013
665.00
498.00
280013
665.44
498.00
281014
666.00
498.00
282013
667.33
498.00
283014
668.22
498.00
284013
669.44
498.00
285014
670.00
498.00
286013
670.89
498.00
287013
671.33
498.00
288013
672.11
498.00
289013
673.00
498.00
290014
673.33
498.00
291013
674.11
498.00
292014
675.00
498.00
293013
675.67
498.00
294013
676.00
498.00
295013
676.67
498.00
296013
678.22
498.00
297014
679.56
498.00
298013
680.11
498.00
299014
680.89
498.00
300013
681.11
498.00
301014
682.00
498.00
302013
683.00
498.00
303013
683.89
498.00
304013
684.78
498.11
305013
685.00
498.00
306014
685.44
498.00
307013
686.00
498.22
308014
686.89
498.44
309013
687.67
498.78
310013
688.78
498.89
311013
690.00
498.89
312013
691.78
499.00
313014
692.89
499.00
314013
692.56
499.00
315014
693.00
499.00
316013
693.67
499.00
317014
694.00
499.00
318013
695.00
499.00
319013
695.89
499.00
320013
696.44
498.89
321013
697.56
499.00
322014
698.00
499.00
323013
698.33
499.00
324014
698.89
499.00
325013
699.89
499.00
326013
701.22
499.00
327013
702.00
499.00
328013
702.00
499.00
329014
703.78
499.00
330013
704.00
499.00
331014
704.00
499.00
332013
704.11
499.00
333014
705.11
499.00
334013
706.33
499.00
335013
707.22
499.00
336013
708.00
499.00
337013
708.00
499.00
338014
708.89
499.00
339013
709.78
499.00
340014
710.44
499.00
341013
711.33
499.00
342013
712.00
499.00
343013
712.33
499.00
344013
713.11
499.00
345014
714.00
499.00
346013
714.33
499.00
347014
715.33
499.00
348013
716.22
499.00
349014
717.00
499.00
350013
717.78
499.00
351013
718.00
499.00
352013
718.78
499.00
353013
719.00
499.00
354014
720.00
499.00
355013
720.22
499.00
356014
721.00
499.00
357013
721.89
499.00
358013
722.22
499.00
359013
723.00
499.00
360013
724.00
499.00
361014
724.89
499.00
362013
725.22
499.00
363014
726.00
499.00
364013
726.78
499.00
365014
728.00
499.00
366013
729.00
499.00
367013
729.00
499.00
368013
729.33
499.00
369013
730.00
499.00
370014
730.33
499.00
371013
731.33
499.00
372014
732.00
499.00
373013
733.00
499.00
374013
733.33
499.00
375013
734.00
499.00
376013
734.67
499.00
377014
735.89
499.00
378013
736.00
499.00
379014
736.78
499.11
380013
737.00
499.22
381014
737.89
499.78
382013
738.00
499.89
383013
739.00
500.00
384013
739.78
500.00
385013
740.56
500.00
386014
741.00
499.89
387013
741.67
500.00
388014
742.00
500.00
389013
742.56
500.00
390013
743.00
500.00
391013
744.00
499.89
392013
744.67
499.22
393014
745.33
499.11
394013
746.00
499.00
395014
746.89
499.44
396013
747.11
499.56
397014
748.00
499.89
398013
748.33
499.78
399013
749.00
500.00
400013
750.00
499.78
401013
750.00
499.67
402014
750.44
499.11
403013
751.33
499.00
404014
752.00
499.00
405013
752.89
499.00
406013
753.44
499.00
407013
754.00
499.00
408013
755.00
499.00
409014
755.22
499.22
410013
756.22
499.00
411014
757.00
499.22
412013
757.00
499.33
413014
757.56
499.44
414013
758.33
499.56
415013
759.00
499.33
416013
759.67
499.00
417013
759.89
499.11
418014
760.78
499.00
419013
761.56
499.00
420014
762.00
499.00
421013
762.78
499.00
422013
763.78
499.00
423013
764.22
499.00
424013
765.00
499.11
425014
765.22
499.00
426013
766.00
499.11
427014
766.00
499.44
428013
766.11
499.78
429014
766.89
499.89
430013
767.56
499.89
431013
768.56
500.00
432013
769.00
500.00
433013
770.00
500.00
434014
770.11
500.00
435013
771.00
500.00
436014
771.00
500.00
437013
771.78
500.00
438013
772.11
500.00
439013
772.67
500.00
440013
773.33
500.00
441014
774.00
500.00
442013
774.00
500.00
443014
775.00
500.00
444013
775.56
500.00
445014
776.22
500.00
446013
776.89
500.00
447013
777.89
500.00
448013
778.78
500.00
449013
779.00
499.89
450014
779.78
500.00
451013
780.00
500.00
452014
780.44
500.00
453013
781.00
500.00
454013
781.33
500.00
455013
782.00
500.00
456013
782.33
500.00
457014
783.00
500.00
458013
783.56
500.00
459014
784.22
500.00
460013
784.78
500.00
461014
785.00
500.00
462013
785.22
500.00
463013
786.11
500.00
464013
787.22
499.89
465013
788.00
499.67
466014
788.00
499.33
467013
788.00
499.22
468014
788.00
499.78
469013
788.78
499.44
470013
789.78
499.56
471013
790.56
500.00
472013
791.00
499.56
473014
791.33
499.78
474013
792.00
499.11
475014
793.00
499.11
476013
793.00
499.00
477014
793.89
499.22
478013
794.56
499.11
479013
794.89
499.11
480013
795.11
499.11
481013
796.00
499.00
482014
796.56
499.11
483013
797.11
499.33
484014
797.89
499.56
485013
798.00
499.78
486013
798.78
499.56
487013
799.00
499.67
488013
799.00
500.00
489014
799.89
500.00
490013
800.56
499.78
491014
801.00
499.78
492013
801.00
499.89
493014
801.67
500.00
494013
802.44
500.00
495013
803.00
500.00
496013
803.00
500.00
497013
803.67
500.00
498014
804.00
500.00
499013
804.44
500.00
500014
805.00
500.00
501013
805.89
499.89
502013
806.67
499.78
503013
807.33
499.78
504013
807.89
499.89
505014
808.00
499.89
506013
808.00
500.00
507014
808.67
500.00
508013
809.33
500.00
509014
810.00
499.78
510013
810.00
499.67
511013
810.56
499.33
512013
811.22
499.89
513013
812.00
500.00
514014
812.00
500.00
515013
812.89
499.89
516014
813.00
500.00
517013
813.78
500.00
518013
814.11
499.89
519013
815.00
500.00
520013
815.67
500.00
521014
816.00
500.00
522013
816.00
500.00
523014
816.44
500.00
524013
817.00
500.00
525014
817.00
500.00
526013
818.00
500.00
527013
818.00
499.78
528013
818.44
499.22
529013
819.33
499.22
530014
820.00
499.44
531013
820.00
499.89
532014
820.78
499.78
533013
821.78
499.78
534013
822.00
499.78
535013
822.44
499.78
536013
822.89
499.78
537014
823.00
499.89
538013
823.89
499.78
539014
824.00
499.78
540013
824.00
499.67
541014
824.44
499.56
542013
825.00
499.67
543013
825.56
499.44
544013
825.89
499.11
545013
826.00
499.11
546014
826.78
499.33
547013
827.00
499.44
548014
828.00
499.44
549013
828.22
499.67
550013
828.89
499.67
551013
829.00
500.00
552013
829.33
500.00
553014
830.00
499.89
554013
830.56
500.00
555014
831.00
499.67
556013
831.22
499.89
557014
831.89
499.11
558013
832.00
499.22
559013
832.00
499.11
560013
833.00
499.00
561013
833.00
499.00
562014
833.78
499.00
563013
833.89
499.00
564014
834.00
499.00
565013
834.00
499.00
566013
834.67
499.00
567013
835.11
499.00
568013
836.00
499.00
569014
836.00
499.00
570013
836.33
499.00
571014
837.33
499.00
572013
838.00
499.00
573014
838.11
499.00
574013
838.89
499.00
575013
839.00
499.00
576013
839.00
499.00
577013
839.56
499.00
578014
840.00
499.00
579013
840.11
499.00
580014
841.00
499.00
581013
841.00
499.00
582013
841.11
499.00
583013
841.44
499.00
584013
842.00
499.00
585014
842.22
499.00
586013
843.00
499.00
587014
843.00
499.00
588013
843.56
499.00
589014
844.00
499.00
590013
844.00
499.00
591013
844.11
499.00
592013
845.00
499.00
593013
845.11
499.00
594014
846.00
499.00
595013
846.00
499.00
596014
846.78
499.00
597013
847.22
499.00
598013
848.00
499.00
599013
848.00
499.00
600013
848.00
499.00
601014
848.78
499.00
602013
849.00
499.00
603014
850.00
499.00
604013
850.00
499.00
605014
850.22
499.00
606013
850.89
499.00
607013
851.00
499.00
608013
851.78
499.00
609013
852.00
499.00
610014
852.22
499.00
611013
853.00
499.00
612014
853.00
499.00
613013
853.00
499.00
614013
853.00
499.00
615013
853.78
499.00
616013
854.33
499.00
617014
855.00
499.00
618013
855.89
499.00
619014
855.78
499.00
620013
856.00
499.00
621014
856.00
499.00
622013
856.00
499.00
623013
856.78
499.00
624013
857.00
499.00
625013
857.00
499.00
626014
857.11
499.00
627013
858.00
499.00
628014
858.33
499.00
629013
859.00
499.00
630013
859.00
499.00
631013
859.22
499.00
632013
860.00
499.00
633014
860.00
499.00
634013
860.22
499.00
635014
861.00
499.00
636013
861.11
499.00
637014
862.00
499.00
638013
862.11
499.00
639013
862.44
499.00
640013
862.00
499.00
641013
862.00
499.00
642014
862.89
499.00
643013
863.78
499.00
644014
864.00
499.00
645013
865.00
499.00
646013
865.89
499.00
647013
866.00
499.00
648013
866.00
499.00
649014
866.22
499.00
650013
866.78
499.00
651014
867.00
499.00
652013
867.00
499.00
653014
867.00
499.00
654013
867.89
499.00
655013
868.00
499.00
656013
868.11
499.00
657013
868.78
499.00
658014
868.89
499.00
659013
869.00
499.00
660014
869.00
499.00
661013
869.11
499.00
662013
869.78
499.00
663013
869.89
499.00
664013
870.56
499.00
665014
870.89
499.00
666013
871.67
499.00
667014
872.00
499.00
668013
872.00
499.00
669014
872.00
499.00
670013
872.44
499.00
671013
872.89
499.00
672013
873.00
499.00
673013
873.00
499.00
674014
873.89
499.00
675013
874.00
499.00
676014
875.00
499.00
677013
875.00
499.00
678013
875.67
499.00
679013
875.89
499.00
680013
876.00
499.00
681014
876.00
499.00
682013
876.89
499.00
683014
877.00
499.00
684013
877.78
499.00
685014
878.00
499.00
686013
878.00
499.00
687013
878.22
499.00
688013
878.67
499.00
689013
879.00
499.00
690014
879.44
499.00
691013
880.00
499.00
692014
880.00
499.00
693013
880.00
499.00
694013
880.00
499.00
695013
880.00
499.00
696013
880.33
499.00
697014
881.00
499.00
698013
882.00
499.11
699014
882.44
499.00
700013
882.89
499.56
701014
883.00
499.56
702013
883.00
499.89
703013
883.56
499.44
704013
884.00
499.22
705013
884.00
499.11
706014
884.00
499.00
707013
884.00
499.00
708014
884.00
499.00
709013
885.00
499.00
710013
885.00
499.00
711013
885.89
499.00
712013
886.11
499.00
713014
886.56
499.00
714013
886.44
499.00
715014
886.67
499.00
716013
887.00
499.00
717014
887.00
499.11
718013
887.56
499.11
719013
888.11
499.11
720013
888.89
499.44
721013
889.00
499.67
722014
889.00
499.67
723013
889.11
499.56
724014
890.00
499.67
725013
890.00
500.00
726013
890.00
499.78
727013
890.00
499.89
728013
890.78
499.22
729014
890.89
499.22
730013
891.00
499.11
731014
891.00
499.11
732013
892.00
499.11
733014
892.00
499.00
734013
892.00
499.00
735013
892.11
499.00
736013
892.56
499.00
737013
892.89
499.00
738014
892.89
499.00
739013
893.00
499.00
740014
893.11
499.00
741013
893.89
499.00
742013
894.00
499.00
743013
895.00
499.00
744013
895.00
499.00
745014
895.00
499.00
746013
895.11
499.00
747014
895.78
499.00
748013
896.00
499.00
749014
896.00
499.00
750013
896.00
499.00
751013
896.00
499.00
752013
896.56
499.00
753013
896.89
499.00
754014
897.11
499.11
755013
897.89
499.22
756014
898.00
499.44
757013
898.00
499.11
758013
898.00
499.11
759013
898.11
499.00
760013
898.89
499.00
761014
899.00
499.00
762013
899.00
499.00
763014
899.11
499.00
764013
899.89
499.00
765014
900.00
499.00
766013
900.11
499.00
767013
900.89
499.00
768013
901.00
499.00
769013
901.11
499.00
770014
901.44
499.00
771013
901.33
499.00
772014
901.67
499.00
773013
901.78
499.00
774013
902.00
499.00
775013
902.00
499.00
776013
902.67
499.00
777014
903.00
499.00
778013
903.00
499.00
779014
903.00
499.00
780013
903.00
499.00
781014
903.78
499.00
782013
904.00
499.00
783013
904.00
499.00
784013
904.44
499.00
785013
905.00
499.00
786014
905.00
499.00
787013
904.89
499.00
788014
905.00
499.00
789013
905.00
499.00
790013
905.67
499.00
791013
906.00
499.00
792013
906.00
499.00
793014
906.67
499.00
794013
907.00
499.00
795014
907.00
499.00
796013
907.00
499.00
797014
907.11
499.00
798013
908.00
499.00
799013
908.00
499.33
800013
908.00
499.33
801013
907.78
499.56
802014
908.00
499.89
803013
908.00
499.89
804014
908.56
500.00
805013
909.00
500.00
806013
909.00
500.00
807013
909.00
500.00
808013
909.56
500.00
809014
909.44
500.00
810013
910.00
500.00
811014
910.00
500.00
812013
910.00
500.00
813014
910.89
500.00
814013
911.00
500.00
815013
911.00
500.00
816013
911.33
500.00
817013
912.00
500.00
818014
911.89
500.00
819013
912.00
500.00
820014
911.89
500.00
821013
912.22
500.00
822013
912.44
500.00
823013
912.78
500.00
824013
913.00
500.00
825014
913.00
500.00
826013
913.22
500.00
827014
913.22
500.00
828013
914.00
500.00
829014
914.11
500.00
830013
914.56
500.00
831013
915.00
500.00
832013
915.00
500.00
833013
915.00
500.00
834014
915.11
500.00
835013
915.56
500.00
836014
915.89
500.00
837013
916.00
500.00
838013
916.00
500.00
839013
915.89
500.00
840013
916.22
500.00
841014
916.67
500.00
842013
917.00
500.00
843014
917.00
500.00
844013
917.11
500.00
845014
917.11
500.00
846013
917.67
500.00
847013
917.89
500.00
848013
918.00
500.00
849013
918.00
500.00
850014
918.00
500.00
851013
918.11
500.00
852014
918.22
500.00
853013
918.67
500.00
854013
919.00
500.00
855013
919.33
500.00
856013
919.44
500.00
857014
919.89
500.00
858013
920.00
500.00
859014
920.00
500.00
860013
920.00
500.00
861014
920.22
500.00
862013
921.00
500.00
863013
921.00
500.00
864013
921.00
500.00
865013
921.00
500.00
866014
921.67
500.00
867013
922.00
500.00
868014
922.00
500.00
869013
922.00
500.00
870013
922.78
500.00
871013
923.00
500.00
872013
923.00
500.00
873014
923.11
500.00
874013
923.11
500.00
875014
923.78
500.00
876013
924.00
500.00
877014
924.00
500.00
878013
924.00
500.00
879013
924.00
500.00
880013
924.11
500.00
881013
924.89
500.00
882014
924.89
500.00
883013
925.00
500.00
884014
925.33
500.00
885013
926.00
500.00
886013
925.89
500.00
887013
926.00
500.00
888013
926.11
500.00
889014
926.56
500.00
890013
927.00
500.00
891014
927.00
500.00
892013
927.11
500.00
893014
927.33
500.00
894013
927.89
500.00
895013
928.00
500.00
896013
927.89
500.00
897013
928.00
500.00
898014
928.11
500.00
899013
928.67
500.00
900014
929.00
500.00
901013
929.00
500.00
902013
929.00
500.00
903013
929.22
500.00
904013
929.44
500.00
905014
929.78
500.00
906013
929.78
500.00
907014
930.00
500.00
908013
930.00
500.00
909014
930.00
500.00
910013
930.22
500.00
911013
930.89
500.00
912013
931.00
500.00
913013
931.00
500.00
914014
931.00
500.00
915013
931.00
500.00
916014
931.89
500.00
917013
931.89
500.00
918013
932.00
500.00
919013
932.00
500.00
920013
932.00
500.00
921014
932.44
500.00
922013
933.00
500.00
923014
933.00
500.00
924013
933.00
500.00
925014
933.00
500.00
926013
933.11
500.00
927013
933.56
500.00
928013
933.67
500.00
929013
934.00
500.00
930014
934.00
500.00
931013
934.00
500.00
932014
934.00
500.00
933013
934.22
500.00
934013
934.89
500.00
935013
935.00
500.00
936013
935.00
500.00
937014
935.00
500.00
938013
935.11
500.00
939014
935.89
500.00
940013
936.00
500.00
941014
936.00
500.00
942013
936.00
500.00
943013
936.11
500.00
944013
936.00
500.00
945013
936.67
499.22
946014
936.89
499.00
947013
937.00
499.00
948014
937.00
499.00
949013
937.00
499.00
950013
937.22
499.11
951013
937.44
499.33
952013
938.00
499.11
953014
938.00
499.00
954013
938.00
499.00
955014
938.00
499.00
956013
938.11
499.22
957014
938.78
499.56
958013
939.00
499.78
959013
939.00
499.67