37315
412.80
504.00
38415
405.10
504.00
39516
402.20
504.00
40615
393.90
503.30
41715
390.40
503.50
42816
397.50
503.40
43914
405.20
503.70
45012
416.60
503.90
46113
407.60
504.00
47212
408.60
504.00
48311
395.00
504.00
49413
397.00
504.00
50512
402.30
504.00
51610
414.30
504.00
52711
426.70
504.00
53811
424.30
504.00
54909
415.50
504.00
56010
403.40
504.00
57111
403.40
504.00
58211
412.40
504.00
59313
415.20
504.00
60411
420.40
504.00
61509
432.40
504.00
62610
427.30
504.00
63710
424.90
504.00
64808
414.50
504.00
65908
423.00
504.00
67009
430.40
503.80
68107
440.30
503.60
69207
433.60
503.30
70308
431.30
503.20
71407
423.20
503.20
72507
429.70
503.00
73607
435.30
503.00
74706
447.80
503.00
75806
441.90
503.10
76907
440.50
503.00
78005
427.70
503.00
79106
437.60
503.20
80207
439.10
503.30
81305
453.20
503.20
82405
450.90
503.20
83506
450.50
503.20
84604
439.80
503.60
85703
443.30
503.80
86805
447.60
503.20
87903
455.10
503.70
89001
466.50
504.00
90102
459.60
503.90
91202
459.50
503.70
92300
448.50
503.40
93401
453.70
503.00
94501
457.60
503.00
95599
463.60
503.00
96699
475.40
503.00
97800
477.60
503.00
98898
469.30
503.00
99997
462.10
503.00
101098
456.20
503.00
102197
456.50
503.00
103296
469.60
503.00
104397
475.30
503.00
105496
482.00
503.00
106594
484.50
503.00
107696
479.60
503.00
108795
480.00
503.00
109893
467.50
503.00
110993
474.00
503.00
112094
476.90
503.00
113191
484.70
503.00
114289
493.30
503.00
115391
487.50
503.00
116491
489.20
503.00
117592
480.60
503.00
118693
484.10
503.00
119790
480.40
503.00
120888
487.00
503.00
121990
491.70
503.00
123088
498.40
503.00
124186
503.10
503.00
125286
497.40
503.00
126387
498.10
503.00
127485
490.10
503.00
128585
489.60
503.00
129686
494.70
503.00
130784
498.30
503.00
131884
508.70
503.00
132985
515.00
503.00
134083
516.90
503.00
135181
511.50
503.00
136282
503.00
503.00
137382
506.20
503.00
138480
500.70
503.10
139581
506.50
503.30
140681
507.20
503.10
141778
513.50
503.00
142878
524.90
503.00
143979
527.40
503.10
145077
523.30
503.40
146174
520.10
503.60
147274
509.10
503.60
148374
509.80
503.80
149472
517.80
503.80
150572
525.60
504.00
151673
527.10
503.80
152772
536.50
504.00
153873
536.60
504.00
154974
537.50
504.00
156071
535.50
504.00
157168
526.40
504.00
158269
523.00
504.00
159369
522.50
504.00
160467
531.80
504.00
161567
539.60
504.00
162667
544.50
504.00
163766
546.80
504.00
164865
541.60
503.90
165966
539.80
504.00
167064
534.30
503.90
168162
538.30
504.00
169262
546.50
503.90
170363
549.80
503.80
171461
556.60
504.00
172561
554.60
503.90
173661
554.70
503.70
174759
547.60
503.70
175857
544.00
503.50
176960
549.00
503.60
178058
550.40
503.50
179156
562.60
503.70
180257
563.40
503.50
181357
562.50
503.40
182455
560.70
503.00
183557
555.10
503.10
184656
553.30
503.10
185754
557.50
503.20
186856
560.40
503.30
187956
562.50
503.40
189054
568.70
503.10
190155
573.30
503.80
191255
577.20
503.80
192355
574.70
503.70
193457
575.70
503.80
194556
576.40
503.90
195655
574.50
503.90
196756
568.50
503.90
197855
570.70
503.90
198953
569.20
503.90
200053
574.90
504.00
201153
575.60
504.00
202251
583.90
504.00
203352
588.20
504.00
204454
587.90
504.00
205552
589.60
504.00
206653
593.00
504.00
207753
590.60
504.00
208852
589.00
504.00
209953
588.10
504.00
211053
586.50
504.00
212150
583.40
504.00
213248
584.50
504.00
214349
589.10
504.00
215448
590.30
504.00
216547
599.10
504.00
217649
601.40
504.00
218748
603.70
504.00
219845
603.30
504.00
220946
599.70
504.00
222046
601.60
504.00
223145
594.80
504.00
224245
592.10
504.00
225345
597.60
504.00
226442
600.60
504.00
227543
607.50
504.00
228644
610.20
504.00
229743
614.60
504.00
230842
615.40
504.00
231944
613.10
504.00
233041
613.80
504.00
234139
609.40
504.00
235241
606.80
504.00
236340
607.50
504.00
237438
610.40
504.00
238539
613.20
504.00
239640
617.80
504.00
240737
622.20
504.00
241838
626.00
504.00
242939
625.50
504.00
244038
624.40
504.00
245140
624.80
504.00
246240
625.20
503.90
247337
621.30
503.60
248437
618.70
503.80
249537
622.80
503.70
250636
626.10
503.40
251736
634.60
503.80
252837
637.40
503.70
253935
637.50
504.00
255036
636.20
503.80
256135
637.60
504.00
257234
635.20
504.00
258333
629.20
504.00
259434
626.60
504.00
260533
631.90
504.00
261632
635.70
504.00
262733
637.50
504.00
263831
644.00
504.00
264929
645.20
504.00
266029
641.10
504.00
267130
642.10
504.00
268227
639.50
504.00
269328
642.10
504.00
270430
644.30
504.00
271528
646.90
504.00
272627
656.60
504.00
273728
652.80
504.00
274825
650.90
504.00
275922
646.70
504.00
277022
649.40
504.00
278123
651.30
504.00
279222
655.40
504.00
280322
663.10
504.00
281423
662.50
504.00
282522
660.80
504.00
283621
658.70
503.90
284723
658.90
504.00
285820
657.00
504.00
286920
652.90
504.00
288021
657.70
504.00
289120
658.40
504.00
290219
663.50
504.00
291320
664.50
504.00
292418
665.30
504.00
293516
673.10
504.00
294617
674.50
504.00
295718
676.70
504.00
296816
675.50
504.00
297917
674.60
504.00
299017
676.30
504.00
300114
675.20
504.00
301214
672.80
504.00
302315
673.00
504.00
303413
672.40
504.00
304512
673.20
504.00
305613
675.50
504.00
306711
676.60
504.00
307809
681.90
504.00
308909
687.20
504.00
310010
688.50
504.00
311107
687.40
504.00
312205
684.00
504.00
313306
681.20
504.00
314406
680.30
504.00
315503
683.90
504.00
316604
686.10
504.00
317703
687.70
504.00
318802
693.30
504.00
319901
694.90
504.00
321002
693.90
504.00
322101
692.40
504.00
323200
686.30
504.00
324301
685.90
504.00
325400
691.20
504.00
326498
698.30
504.00
327600
702.50
504.00
328699
703.10
504.00
329797
700.90
504.00
330897
696.30
504.00
331998
698.60
504.00
333095
696.80
504.00
334192
701.90
504.00
335293
707.00
504.00
336393
708.80
504.00
337491
709.00
504.00
338591
707.80
504.00
339691
707.60
504.00
340790
704.30
504.00
341889
704.20
504.00
342990
706.90
504.00
344088
708.10
504.00
345188
714.80
504.00
346290
715.10
504.00
347388
716.40
504.00
348485
719.30
504.00
349586
717.40
504.00
350686
718.10
504.00
351784
715.50
504.00
352883
711.70
504.00
353984
711.60
504.00
355083
712.80
504.00
356183
717.20
504.00
357284
718.80
504.00
358382
720.30
504.00
359480
724.80
504.00
360582
727.30
504.00
361681
728.70
504.00
362779
728.20
504.00
363881
727.80
504.00
364981
727.10
504.00
366078
724.50
504.00
367179
721.00
504.00
368280
724.00
504.00
369379
726.80
504.00
370481
728.90
504.00
371580
729.60
504.00
372680
736.30
504.00
373781
739.80
504.00
374879
737.10
504.00
375977
733.60
504.00
377078
730.50
504.00
378177
733.50
504.00
379275
736.30
504.00
380375
742.20
504.00
381476
743.90
504.00
382574
741.70
504.00
383672
739.10
504.00
384773
736.30
504.00
385872
739.80
504.00
386970
747.00
504.00
388068
746.30
504.00
389170
746.60
504.00
390268
745.70
504.00
391367
741.20
504.00
392469
742.40
504.00
393567
747.00
504.00
394665
753.40
504.00
395766
752.20
504.00
396866
751.70
504.00
397963
747.10
504.00
399064
748.60
504.00
400165
749.70
504.00
401264
755.40
504.00
402365
757.70
504.00
403466
758.60
504.00
404563
755.80
504.00
405664
751.70
504.00
406764
751.50
504.00
407862
756.70
504.00
408960
762.40
504.00
410061
763.70
504.00
411160
762.20
504.00
412259
759.60
504.00
413361
757.30
504.00
414460
758.10
504.00
415560
759.60
504.00
416661
761.40
504.00
417759
762.50
504.00
418857
770.90
504.00
419958
769.00
504.00
421057
768.90
504.00
422155
766.70
504.00
423254
763.80
504.00
424355
764.80
504.00
425454
767.10
504.00
426552
771.30
504.00
427654
774.50
504.00
428753
775.90
504.00
429851
774.50
504.00
430952
773.90
504.00
432052
773.70
504.00
433149
770.90
504.00
434249
772.10
504.00
435350
774.20
504.00
436448
777.00
504.00
437547
782.20
504.00
438648
783.40
504.00
439745
782.40
504.00
440843
778.70
504.00
441943
774.80
504.00
443044
775.40
504.00
444142
779.90
504.00
445239
781.60
504.00
446341
786.90
504.00
447440
787.50
504.00
448538
787.00
504.00
449637
785.40
504.00
450739
785.10
504.00
451836
784.40
504.00
452933
784.00
504.00
454034
786.50
504.00
455135
786.70
504.00
456233
789.40
504.00
457334
793.30
504.00
458434
795.00
504.00
459531
794.50
504.00
460632
793.60
504.00
461733
794.10
504.00
462831
790.90
504.00
463930
790.20
504.00
465032
791.80
504.00
466130
792.40
504.00
467228
796.70
504.00
468330
799.20
504.00
469430
799.70
504.00
470529
800.30
504.00
471630
800.80
504.00
472728
800.40
504.00
473825
798.20
504.00
474926
794.50
504.00
476026
797.10
504.00
477125
800.00
504.00
478225
803.30
504.00
479326
803.20
504.00
480423
806.20
504.00
481523
804.80
504.00
482624
805.40
504.00
483723
806.40
504.00
484822
802.70
504.00
485923
802.20
504.00
487021
804.50
504.00
488119
806.20
504.00
489220
811.50
504.00
490320
812.00
504.00
491418
811.60
504.00
492519
810.30
504.00
493620
810.40
504.00
494717
808.30
504.00
495817
808.70
504.00
496918
810.40
504.00
498016
811.60
504.00
499115
816.70
504.00
500216
816.40
504.00
501314
816.20
504.00
502412
813.50
504.00
503513
811.60
504.00
504614
811.30
504.00
505712
813.80
504.00
506813
816.70
504.00
507913
817.70
504.00
509012
820.40
504.00
510113
823.80
504.00
511213
824.80
504.00
512311
822.90
504.00
513412
821.70
504.00
514512
822.50
504.00
515611
820.80
504.00
516713
819.60
504.00
517812
820.30
504.00
518910
820.40
504.00
520011
822.90
504.00
521110
823.20
504.00
522208
828.10
504.00
523305
829.20
504.00
524406
828.60
504.00
525506
829.20
504.00
526605
828.10
504.00
527706
826.40
504.00
528805
827.20
504.00
529902
826.10
504.00
531002
828.90
504.00
532103
828.50
504.00
533202
829.70
504.00
534300
831.40
504.00
535402
834.30
504.00
536500
835.90
504.00
537600
836.00
504.00
538701
836.00
504.00
539801
835.50
504.00
540898
834.00
504.00
542000
833.10
504.00
543099
832.10
504.00
544197
833.50
504.00
545298
834.60
504.00
546398
834.70
504.00
547495
836.10
504.00
548595
841.20
504.00
549696
842.90
504.00
550795
842.30
504.00
551892
841.30
504.00
552993
840.10
504.00
554092
838.50
504.00
555189
838.70
504.00
556288
841.40
504.00
557389
843.20
504.00
558488
844.40
504.00
559586
845.20
504.00
560688
844.80
504.00
561787
845.20
504.00
562884
843.00
504.00
563984
842.20
504.00
565085
843.30
504.00
566183
845.70
504.00
567280
848.90
504.00
568381
851.40
504.00
569481
849.60
504.00
570580
848.70
504.00
571681
848.60
503.90
572781
847.10
503.70
573878
845.00
503.60
574979
847.70
503.80
576079
848.80
503.90
577177
850.90
504.00
578276
854.60
503.80
579377
855.30
504.00
580476
854.40
504.00
581573
852.70
504.00
582674
850.20
503.90
583774
851.60
503.90
584872
850.70
504.00
585972
853.00
504.00
587073
853.50
504.00
588170
855.00
504.00
589271
858.80
504.00
590372
858.90
504.00
591470
859.60
504.00
592567
857.40
504.00
593669
856.70
504.00
594768
856.30
504.00
595866
855.00
504.00
596966
857.90
504.00
598068
858.90
504.00
599166
859.20
504.00
600267
860.80
504.00
601368
861.60
504.00
602466
863.70
504.00
603567
863.60
504.00
604667
864.80
504.00
605765
865.60
504.00
606865
864.70
504.00
607966
864.90
504.00
609065
863.40
504.00
610166
862.80
504.00
611266
863.10
504.00
612364
862.30
504.00
613465
864.50
504.00
614565
864.50
504.00
615664
866.30
504.00
616765
867.80
504.00
617866
867.60
504.00
618963
870.80
504.00
620063
870.40
504.00
621164
870.10
504.00
622262
870.40
504.00
623361
866.40
504.00
624462
866.20
504.00
625560
867.10
504.00
626659
869.60
504.00
627761
870.60
504.00
628860
871.30
504.00
629959
875.20
504.00
631061
875.60
504.00
632159
875.50
504.00
633257
874.00
504.00
634357
871.60
504.00
635457
871.50
504.00
636555
872.80
504.00
637656
875.60
504.00
638757
875.60
504.00
639855
877.50
504.00
640956
878.80
504.00
642057
878.60
504.00
643156
879.30
504.00
644257
878.30
504.00
645357
878.00
504.00
646454
876.50
504.00
647552
875.90
504.00
648653
877.70
504.00
649752
878.50
504.00
650851
881.50
504.00
651953
882.20
504.00
653052
881.80
504.00
654149
880.20
504.00
655250
878.20
504.00
656350
878.90
504.00
657448
880.30
504.00
658547
882.70
504.00
659649
885.30
504.00
660747
885.10
504.00
661847
884.80
504.00
662948
884.60
504.00
664047
884.90
504.00
665147
883.30
504.00
666249
882.60
504.00
667347
883.10
504.00
668449
883.70
504.00
669550
883.90
504.10
670650
885.10
504.30
671753
885.10
504.10
672850
886.70
504.00
673951
889.00
504.20
675052
888.90
504.20
676150
891.20
504.20
677250
889.20
504.00
678351
889.90
504.00
679451
889.60
504.20
680553
889.70
504.00
681652
889.90
504.20
682749
888.00
504.00
683848
887.30
504.20
684949
888.90
504.00
686049
889.80
504.40
687149
890.60
504.40
688250
891.10
504.50
689348
892.70
504.80
690449
895.00
504.60
691550
894.60
504.90
692648
895.30
505.00
693745
894.10
505.00
694848
894.70
504.90
695947
894.90
505.00
697046
894.30
504.90
698147
893.50
504.90
699246
893.30
504.90
700343
892.60
505.00
701445
892.20
505.00
702544
893.50
505.00
703642
893.80
505.00
704743
895.00
504.90
705845
894.70
504.90
706944
895.20
505.00
708045
895.90
505.00
709144
896.40
504.90
710241
897.20
504.70
711342
898.40
504.30
712442
898.90
504.50
713540
900.40
504.20
714639
900.50
504.50
715741
899.90
504.60
716839
900.50
504.80
717937
899.40
504.40
719039
899.90
504.10
720138
900.00
504.10
721235
898.30
504.10
722336
898.80
504.10
723436
899.90
504.00
724534
900.80
504.00
725632
903.20
504.00
726733
904.10
504.00
727832
905.00
504.00
728930
903.20
504.00
730032
902.60
504.00
731130
902.70
504.00
732228
902.10
504.00
733327
903.50
504.00
734429
903.80
504.00
735526
905.50
504.00
736624
907.30
504.00
737725
906.10
504.00
738825
906.70
504.00
739923
904.70
504.00
741024
903.70
504.00
742123
904.20
504.00
743222
904.90
504.00
744322
906.80
504.00
745423
906.60
504.00
746521
908.50
504.00
747620
910.10
504.00
748722
909.60
504.00
749820
909.40
504.00
750918
907.90
504.00
752020
907.90
504.00
753119
907.70
504.00
754217
907.60
504.00
755318
908.80
504.00
756418
908.90
504.00
757515
911.00
504.00
758617
912.70
504.00
759717
912.50
504.00
760816
913.20
504.00
761916
912.40
504.00
763017
912.40
504.00
764115
912.50
504.00
765214
910.60
504.00
766316
910.80
504.00
767414
911.50
504.00
768515
911.60
504.00
769615
911.40
504.00
770713
913.00
504.00
771812
915.20
504.00
772913
915.70
504.00
774012
915.50
504.00
775111
915.90
504.10
776213
916.10
504.00
777313
916.50
504.00
778412
916.10
504.00
779513
916.40
504.00
780611
915.80
504.00
781709
914.20
504.00
782812
914.60
504.30
783911
914.70
504.30
785011
915.70
504.00
786112
916.10
504.10
787210
917.40
504.50
788308
919.60
504.20
789409
919.00
504.10
790508
918.50
504.50
791606
917.70
504.40
792705
917.50
504.70
793807
918.10
504.70
794905
918.80
504.90
796004
920.10
505.00
797105
922.10
505.00
798204
921.80
505.00
799302
920.60
505.00
800404
920.40
504.90
801504
920.80
505.00
802603
919.90
504.90
803704
920.60
505.00
804804
921.40
505.00
805903
922.70
505.00
807005
924.00
505.00
808103
924.90
504.90
809201
924.20
505.00
810303
923.90
505.00
811403
923.60
505.00
812502
921.90
505.00
813604
922.10
504.90
814702
922.80
504.90
815800
924.70
505.00
816902
925.70
505.00
818001
926.10
505.00
819099
926.80
505.00
820201
926.30
505.00
821300
925.90
505.00
822398
924.70
505.00
823499
924.90
505.00
824600
925.70
505.00
825698
926.20
505.00
826800
927.30
505.00
827899
928.40
505.00
828996
930.10
505.00
830096
928.90
505.00
831198
929.00
505.00
832295
927.90
504.90
833395
926.50
505.00
834497
927.20
505.00
835596
927.30
505.00
836698
927.00
505.00
837798
927.50
505.00
838895
928.10
505.00
839997
929.60
505.00
841097
929.40
505.00
842195
930.90
505.00
843296
931.90
505.00
844397
932.40
505.00
845495
932.50
505.00
846597
932.30
505.00
847697
932.10
505.00
848795
931.70
505.00
849898
931.80
505.00
850997
931.90
505.00
852094
930.60
505.00
853196
930.90
505.00
854296
931.60
505.00
855394
932.30
504.70
856496
932.60
504.40
857596
933.30
504.90
858694
934.40
504.40
859796
935.20
504.40
860895
935.40
504.30
861992
935.60
504.00
863092
933.80
504.00
864193
934.10
504.00
865291
933.80
504.00
866390
933.80
504.00
867491
934.80
504.00
868588
935.10
504.00
869686
937.30
504.00
870785
936.90
504.00
871886
936.80
504.00
872983
936.70
504.00
874081
935.20
504.00