5413
373.30
503.00
6510
368.20
503.00
7610
376.20
503.00
8712
379.40
503.00
9809
387.50
503.00
10906
394.10
503.00
12007
390.50
503.00
13108
390.30
503.00
14206
387.60
503.00
15304
378.30
503.00
16405
379.20
503.00
17503
387.90
503.00
18601
392.90
503.00
19702
403.40
503.00
20803
406.50
503.00
21901
405.50
503.00
23001
398.30
503.00
24101
397.20
503.00
25198
387.80
503.00
26296
390.60
503.00
27398
393.70
503.00
28496
398.60
503.00
29594
412.30
503.00
30695
413.20
503.00
31796
410.90
503.00
32894
410.70
503.00
33992
399.10
503.00
35094
398.30
503.00
36192
398.10
503.00
37289
407.50
503.00
38390
413.40
503.00
39490
417.90
503.00
40588
423.60
503.00
41686
416.70
503.00
42788
416.70
503.00
43886
414.30
503.00
44984
405.60
503.00
46087
407.30
503.00
47186
408.30
503.00
48283
418.00
503.00
49386
421.30
503.00
50485
422.00
503.00
51584
434.50
503.00
52685
435.10
503.00
53784
433.60
503.00
54882
427.60
502.90
55982
417.00
502.70
57083
415.60
502.20
58181
414.20
502.50
59281
425.30
502.70
60382
425.90
502.60
61481
430.90
502.90
62581
443.00
502.80
63681
446.30
503.00
64780
449.10
503.00
65880
441.40
503.00
66980
442.00
503.00
68079
441.70
503.00
69179
429.90
503.00
70281
431.70
503.00
71379
431.60
503.00
72479
436.90
503.00
73580
440.30
503.00
74678
442.80
503.00
75778
454.20
503.00
76879
456.70
503.00
77977
459.20
503.00
79076
452.80
503.00
80178
452.30
503.00
81277
450.40
503.00
82376
441.70
503.00
83477
441.30
503.00
84576
445.80
503.00
85676
454.40
503.00
86777
455.50
503.00
87875
463.20
503.00
88976
466.80
503.00
90078
468.80
503.00
91176
466.40
503.00
92276
460.50
503.00
93377
453.20
503.00
94475
452.90
503.00
95576
461.40
503.00
96678
462.50
503.00
97775
467.60
503.00
98876
477.00
503.00
99977
478.60
503.00
101074
479.70
503.00
102172
472.70
503.00
103274
466.10
503.00
104373
467.40
503.00
105472
467.90
503.00
106573
470.60
503.00
107672
472.70
503.00
108770
478.80
503.00
109872
485.00
503.00
110971
485.90
503.00
112068
490.80
503.00
113168
484.70
503.00
114269
485.60
503.00
115367
481.80
503.00
116465
475.80
503.00
117567
475.70
503.00
118666
478.70
503.00
119764
483.80
503.00
120865
489.00
503.00
121964
496.60
503.00
123062
499.40
503.00
124164
497.60
503.00
125265
498.50
503.00
126363
499.60
503.00
127465
498.60
503.00
128564
496.40
503.00
129664
487.50
503.00
130765
489.90
503.00
131865
490.80
503.00
132962
496.40
503.00
134064
501.70
503.00
135163
504.80
503.00
136260
512.10
503.00
137360
507.10
503.00
138461
507.70
503.00
139559
501.50
503.00
140657
498.30
503.00
141758
503.10
503.00
142858
504.70
503.00
143956
515.30
503.00
145057
522.20
503.00
146157
518.70
503.00
147254
515.00
503.00
148355
506.40
503.00
149455
506.30
503.00
150553
505.20
503.00
151652
515.00
503.00
152755
517.10
503.00
153853
521.30
503.00
154951
528.80
503.00
156052
526.30
503.00
157151
525.90
503.00
158249
519.40
503.00
159350
514.20
503.00
160450
515.20
503.00
161547
521.90
503.00
162648
530.80
503.00
163749
531.80
503.00
164847
537.40
503.00
165946
531.80
503.00
167048
530.70
503.00
168146
528.80
503.00
169244
523.80
503.00
170346
528.40
503.00
171445
530.50
503.00
172544
541.60
503.00
173645
547.20
503.00
174744
548.00
503.00
175842
540.20
503.00
176944
538.40
503.00
178043
537.40
503.00
179143
528.80
503.00
180244
531.10
503.00
181343
538.30
503.00
182441
544.30
503.00
183542
552.80
503.00
184641
555.00
503.00
185739
550.30
503.00
186838
542.40
503.00
187939
539.30
503.00
189038
541.70
503.00
190136
547.60
503.00
191238
557.00
503.00
192337
560.00
503.00
193434
559.00
503.00
194535
556.20
503.00
195634
554.70
503.00
196732
547.70
503.00
197831
553.80
503.00
198932
561.30
503.00
200031
564.00
503.00
201128
567.60
503.00
202228
561.70
503.00
203328
558.00
503.00
204427
553.90
503.00
205527
560.90
503.00
206628
562.20
503.00
207726
565.30
503.00
208823
575.50
503.00
209925
576.20
503.00
211024
574.80
503.00
212122
573.50
503.00
213221
563.40
503.00
214324
563.60
503.00
215421
565.20
503.00
216519
569.70
503.00
217621
571.60
503.00
218719
573.30
503.00
219817
582.40
503.00
220918
586.80
503.00
222018
585.00
503.00
223115
581.70
503.00
224216
578.70
503.00
225317
577.90
503.00
226415
573.60
503.00
227514
576.90
503.00
228616
579.70
503.00
229714
583.60
503.00
230811
593.30
503.00
231913
594.20
503.00
233012
592.30
503.00
234110
584.90
503.00
235209
582.90
503.00
236311
586.50
503.00
237409
589.10
503.00
238508
597.60
503.00
239609
602.60
503.00
240707
596.40
503.00
241806
586.60
503.00
242908
590.00
503.00
244007
594.20
503.00
245107
603.00
503.00
246208
606.00
503.00
247307
604.80
503.00
248404
597.60
503.00
249505
593.00
503.00
250604
599.30
503.00
251702
609.60
503.00
252801
607.30
503.00
253901
604.30
503.00
255000
598.70
503.00
256100
602.40
503.00
257202
605.00
503.00
258301
608.30
503.00
259400
617.90
503.00
260501
615.00
503.00
261600
613.30
503.00
262699
609.90
503.00
263800
605.90
503.00
264898
605.90
503.00
265996
611.80
503.00
267097
615.60
503.00
268197
618.80
503.00
269296
624.50
503.00
270397
624.30
503.00
271497
625.30
503.00
272594
622.50
503.00
273694
617.20
503.00
274795
615.20
503.00
275894
614.10
503.00
276993
619.00
503.00
278094
620.30
503.00
279192
624.80
503.00
280290
630.70
503.00
281391
631.70
503.00
282491
631.70
503.00
283589
629.60
503.00
284690
627.90
503.00
285792
629.90
503.00
286891
627.30
503.00
287992
625.50
503.00
289090
626.50
503.00
290188
631.10
503.00
291289
637.50
503.00
292389
640.20
503.00
293487
642.50
503.10
294584
638.30
503.10
295686
635.80
503.10
296785
634.90
503.10
297884
633.70
503.00
298986
636.90
503.00
300085
639.40
503.00
301184
645.00
503.50
302285
650.10
503.30
303384
649.60
503.00
304482
647.10
503.20
305582
639.70
503.40
306683
640.80
503.30
307780
642.70
503.70
308880
649.70
503.60
309982
651.90
503.60
311080
653.40
503.10
312180
657.80
503.30
313281
655.30
503.50
314380
655.10
503.50
315481
650.30
503.50
316582
648.80
503.40
317680
648.60
503.40
318782
650.70
503.70
319881
652.80
503.50
320979
656.60
504.00
322079
664.90
503.90
323180
664.10
504.00
324278
662.90
503.90
325379
662.40
504.00
326479
663.70
504.00
327577
660.50
504.00
328676
657.20
504.00
329778
660.20
504.00
330876
661.80
504.00
331974
666.30
504.00
333076
670.20
504.00
334174
671.70
504.00
335272
674.00
504.00
336372
670.40
504.00
337473
669.60
504.00
338571
667.20
504.00
339668
665.70
504.00
340769
668.90
504.00
341868
670.60
504.00
342966
676.10
504.00
344068
679.70
504.00
345169
680.80
504.00
346267
680.10
504.00
347369
681.10
504.00
348468
682.00
504.00
349566
677.20
504.00
350664
673.10
504.00
351764
672.80
504.00
352863
676.30
504.00
353961
679.70
504.00
355062
685.40
504.00
356162
685.50
504.00
357259
690.30
504.00
358360
687.90
504.00
359461
689.00
504.00
360560
687.80
504.00
361661
688.40
504.00
362762
689.50
504.00
363859
688.30
504.00
364960
684.20
504.00
366060
684.50
504.00
367159
683.60
504.00
368257
689.10
504.00
369358
690.20
504.00
370455
692.50
504.00
371553
698.30
504.00
372653
698.10
504.00
373754
698.20
504.00
374852
698.90
504.00
375953
697.80
504.00
377054
697.90
504.00
378152
694.20
504.00
379249
693.90
504.00
380351
697.10
504.00
381450
698.40
504.00
382550
702.00
504.00
383651
702.90
503.60
384750
706.90
503.10
385848
708.20
503.30
386949
708.00
503.60
388048
708.90
503.40
389147
706.60
503.80
390249
704.80
504.00
391348
704.40
504.00
392446
703.80
503.70
393547
705.00
503.60
394646
706.60
503.90
395744
713.10
504.00
396844
717.50
504.00
397945
716.40
504.00
399044
715.00
504.00
400143
713.00
504.00
401245
713.60
504.00
402342
712.50
504.00
403440
709.90
504.00
404541
711.10
504.00
405641
712.90
504.00
406739
715.90
504.00
407839
719.50
504.00
408939
721.30
503.90
410038
723.70
503.90
411138
722.40
503.60
412239
722.80
503.00
413336
722.90
503.10
414434
719.70
503.20
415534
720.20
503.00
416635
720.90
503.00
417733
721.90
503.00
418834
723.70
503.00
419936
723.80
503.00
421035
726.30
503.00
422136
727.50
503.00
423234
730.20
503.00
424332
733.90
503.00
425432
730.70
503.00
426532
731.50
503.00
427630
730.30
503.00
428728
726.50
503.00
429830
725.60
503.00
430928
727.10
503.10
432026
730.70
503.00
433126
734.40
503.10
434227
735.50
503.10
435326
739.50
503.10
436425
740.90
503.10
437527
741.90
503.00
438625
741.50
503.00
439726
739.50
503.20
440826
739.80
503.30
441924
739.20
503.10
443023
733.80
503.10
444125
735.50
503.20
445222
736.80
503.10
446319
741.30
503.20
447420
745.30
503.50
448520
744.00
503.80
449618
747.70
503.70
450716
745.70
503.70
451817
743.90
503.60
452916
744.10
503.20
454016
741.60
503.00
455117
742.20
503.00
456216
743.20
503.00
457314
746.00
503.00
458416
749.10
503.10
459514
748.90
503.00
460612
753.80
503.00
461712
752.60
503.10
462814
752.60
503.20
463912
754.00
503.10
465012
752.70
503.30
466113
752.70
503.40
467210
752.40
503.30
468308
749.70
503.20
469409
750.30
503.60
470509
751.60
503.70
471607
753.80
503.90
472709
754.60
503.90
473808
755.40
503.80
474907
758.20
503.80
476009
760.60
503.80
477109
760.50
503.70
478208
765.60
503.70
479309
765.70
503.90
480408
766.60
503.60
481506
765.00
503.50
482607
763.30
503.70
483707
765.10
503.60
484805
762.40
503.10
485907
760.90
503.00
487008
762.90
503.00
488105
762.10
503.00
489206
763.50
503.00
490305
765.10
503.00
491403
765.80
503.00
492503
770.80
503.00
493604
772.60
503.00
494702
775.00
503.00
495800
772.10
503.00
496902
772.50
503.00
498000
772.20
503.00
499099
768.90
503.00
500201
768.90
503.00
501301
769.90
503.00
502401
771.90
503.00
503502
772.80
503.00
504600
775.00
503.00
505698
780.20
503.00
506800
781.90
503.00
507899
781.30
503.00
508997
778.80
503.00
510097
775.80
503.00
511198
776.60
503.00
512295
775.70
503.10
513392
778.50
503.10
514493
779.10
503.10
515593
779.80
503.00
516691
784.20
503.20
517792
785.70
503.60
518893
786.10
503.20
519990
785.40
503.90
521091
785.80
503.60
522192
786.00
503.40
523291
786.90
503.50
524393
786.50
503.40
525493
786.80
503.50
526592
786.60
503.40
527693
786.90
503.50
528792
786.40
503.20
529892
785.40
503.40
530994
785.40
503.20
532092
784.90
503.80
533190
787.40
503.60
534291
788.60
503.70
535390
789.10
503.90
536488
791.70
504.00
537588
795.30
503.90
538689
796.60
503.90
539787
797.70
503.90
540889
798.60
503.60
541989
800.20
503.20
543087
798.00
503.00
544188
797.80
503.00
545289
798.80
503.00
546387
797.50
503.00
547487
795.30
503.00
548588
794.30
503.00
549686
794.30
503.00
550784
796.80
503.10
551885
797.80
503.00
552984
798.70
503.00
554084
802.10
503.10
555186
803.00
503.40
556284
805.20
503.40
557382
804.30
503.10
558484
803.60
503.20
559582
805.30
503.50
560680
801.60
503.20
561780
800.30
503.30
562881
801.30
503.50
563979
803.80
503.40
565080
804.90
503.70
566182
805.60
503.60
567279
806.70
503.90
568379
810.80
503.80
569481
811.40
503.70
570579
812.10
503.90
571676
812.60
504.00
572778
810.60
504.00
573877
812.80
504.00
574976
813.00
504.00
576077
811.50
503.70
577176
812.00
503.70
578274
808.90
503.90
579376
809.40
503.90
580475
810.50
503.90
581575
810.60
503.80
582677
809.60
503.80
583776
810.40
503.60
584873
812.10
503.80
585974
813.60
504.00
587074
814.40
503.80
588172
817.70
503.50
589270
819.60
503.80
590371
822.00
503.60
591469
821.70
503.70
592569
819.40
503.90
593671
820.10
503.90
594770
821.00
504.00
595868
819.90
503.90
596970
819.20
504.00
598068
819.50
504.00
599168
818.50
504.00
600269
818.90
504.00
601369
817.90
504.00
602466
820.20
504.00
603568
822.10
504.00
604667
821.90
504.00
605765
825.00
504.00
606866
826.90
504.00
607966
826.60
504.00
609063
828.10
504.00
610164
827.20
504.00
611265
827.90
504.00
612364
827.90
503.90
613465
828.30
504.00
614566
829.50
504.00
615664
829.10
504.00
616765
826.40
504.00
617865
827.80
504.00
618964
826.80
504.00
620065
828.50
504.00
621165
829.40
504.00
622263
831.00
504.00
623365
832.00
504.00
624464
832.70
504.00
625562
835.70
504.00
626660
834.50
504.00
627762
835.50
504.00
628859
835.10
504.00
629959
830.50
504.00
631061
832.20
504.00
632159
832.90
504.00
633256
834.90
504.00
634356
837.30
504.00
635456
839.20
504.00
636555
840.20
504.00
637652
840.60
504.00
638753
839.60
504.00
639853
839.90
504.00
640952
837.90
504.00
642054
837.30
504.00
643153
838.30
504.00
644251
837.30
504.00
645353
836.40
504.00
646452
837.80
504.00
647550
840.30
504.00
648651
841.30
504.00
649752
842.40
504.00
650849
842.80
504.00
651950
843.80
504.00
653051
843.50
504.00
654150
844.10
504.00
655252
845.10
504.00
656352
844.10
504.00
657449
846.60
504.00
658550
847.80
504.00
659650
849.00
504.00
660749
850.60
504.00
661850
849.90
503.60
662950
850.80
503.50
664047
849.60
503.80
665148
849.10
503.50
666247
849.70
503.80
667346
848.40
503.40
668445
846.30
503.10
669546
848.20
503.10
670645
848.40
503.00
671744
850.30
503.10
672845
850.50
503.20
673943
852.50
503.40
675041
855.70
503.60
676141
854.80
503.20
677242
854.40
503.50
678339
854.40
503.40
679437
854.00
503.00
680538
852.60
503.10
681638
854.20
503.00
682736
852.10
503.00
683838
852.80
503.10
684937
853.90
503.10
686034
853.80
503.30
687134
853.40
503.30
688235
854.30
503.00
689333
853.70
503.00
690432
856.80
503.00
691532
857.20
503.00
692631
857.50
503.00
693729
859.00
503.00
694829
861.80
503.00
695930
860.90
503.00
697028
861.40
503.00
698128
863.10
503.00
699230
863.80
503.00
700328
864.40
503.00
701427
863.10
503.00
702528
862.80
503.00
703626
863.20
503.00
704723
861.30
503.00
705824
860.20
503.00
706924
860.60
503.00
708022
860.40
503.00
709121
863.20
503.00
710221
864.00
503.00
711319
866.10
503.00
712417
867.80
503.00
713517
866.60
503.00
714618
866.30
503.00
715716
866.00
503.00
716816
863.60
503.00
717918
863.00
503.00
719016
865.20
503.00
720113
866.80
503.10
721215
868.80
503.10
722314
868.90
503.20
723412
871.30
503.00
724513
868.70
503.10
725613
870.20
503.00
726711
869.20
503.00
727813
867.70
503.00
728912
868.00
503.00
730010
868.70
503.00
731109
871.20
503.00
732211
871.40
503.00
733309
872.30
503.00
734408
875.00
503.00
735509
874.80
503.00
736608
874.10
503.00
737707
873.60
503.00
738807
873.30
503.00
739907
873.90
503.00
741005
872.40
503.00
742106
872.10
503.00
743206
872.90
503.00
744306
872.00
503.00
745407
873.40
503.00
746506
873.50
503.00
747604
875.70
503.00
748705
876.00
503.00
749804
877.10
503.00
750902
879.60
503.00
752001
878.70
503.00
753102
878.40
503.00
754199
878.40
503.00
755298
876.30
503.00
756399
876.90
503.00
757499
876.20
503.00
758596
877.20
503.00
759696
879.30
503.00
760797
878.70
503.00
761895
880.40
503.00
762994
881.00
503.00
764095
881.90
503.00
765194
881.90
503.00
766291
884.80
503.00
767392
884.60
503.00
768491
884.90
503.00
769590
885.60
503.00
770689
884.20
503.00
771791
885.00
503.00
772889
885.40
503.00
773988
885.20
503.00
775090
885.50
503.00
776188
886.20
503.00
777286
884.20
503.00
778388
884.40
503.00
779488
886.20
503.00
780585
885.30
503.00
781686
884.60
503.00
782785
886.00
503.00
783883
884.60
503.00
784983
884.10
503.00
786084
884.60
503.00
787182
884.30
503.00
788280
886.30
503.00
789381
886.80
503.00
790480
886.70
503.00
791578
888.30
503.00
792677
890.00
503.00
793779
890.30
503.00
794876
890.00
503.00
795974
892.20
503.00
797076
893.30
503.00
798176
892.30
503.00
799275
893.60
503.00
800375
894.60
503.00
801475
894.50
503.10
802572
894.40
503.00
803673
893.30
503.00
804773
893.40
503.00
805872
893.20
503.00
806973
893.10
503.00
808073
893.40
503.00
809170
892.80
503.00
810270
891.30
503.00
811371
891.30
503.00
812470
891.90
503.00
813568
893.80
503.00
814669
894.50
503.00
815768
894.90
503.00
816866
895.50
503.10
817967
896.90
503.20
819067
897.70
503.00
820164
898.30
503.20
821263
898.10
503.40
822364
898.60
503.60
823463
898.30
503.60
824562
897.70
503.60
825663
897.60
503.90
826761
898.00
503.80
827860
897.80
504.00
828961
898.00
503.80
830061
898.40
503.70
831158
897.30
503.80
832259
897.40
503.80
833359
898.30
503.80
834457
898.20
504.00
835554
899.10
504.00
836656
899.40
504.00
837755
898.90
504.00
838852
899.90
504.00
839952
900.40
504.00
841053
899.90
504.00
842151
900.50
504.00
843249
902.90
503.60
844351
901.70
503.30
845449
902.90
503.10
846548
906.00
503.10
847649
905.00
503.00
848748
904.70
503.00
849846
905.80
503.00
850947
906.20
503.00
852047
906.10
503.10
853145
906.80
503.20
854245
905.70
503.10
855347
906.30
503.10
856445
906.90
503.10
857544
906.00
503.00
858644
906.40
503.50
859743
906.60
503.70
860841
904.80
503.70
861942
904.30
504.00
863042
904.20
503.50
864140
905.10
503.10
865241
905.40
503.00
866341
905.40
503.00
867440
907.00
503.00
868541
907.60
503.00
869642
907.40
503.00
870740
908.50
503.00
871841
909.60
503.00
872941
910.70
503.00
874040
909.30
503.00
875142
909.50
503.00
876241
910.10
503.00
877339
908.90
503.00
878440
907.30
503.00
879539
907.50
503.00
880637
908.20
503.00
881736
909.70
503.00
882837
911.30
503.00
883936
911.20
503.00
885037
912.50
503.00
886138
912.90
503.00
887236
913.00
503.00
888336
912.30
503.00
889438
912.50
503.00
890536
912.40
503.00
891635
911.40
503.00
892736
910.10
503.00
893834
911.10
503.00
894931
911.80
503.00
896032
912.50
503.00
897132
913.50
503.00
898230
914.80
503.00
899331
916.20
503.00
900432
916.20
503.00
901531
916.80
503.00
902633
915.70
503.00
903733
916.60
503.00
904832
915.60
503.00
905933
915.50
503.00
907031
915.20
503.00
908130
914.40
503.10
909230
914.70
503.00
910331
914.80
503.20
911429
915.20
503.20
912530
915.90
503.20
913630
915.90
503.30
914727
917.50
503.20
915827
919.80
503.20
916928
919.00
503.60
918026
920.30
503.80
919123
919.20
503.80
920224
918.60
503.70
921324
918.50
503.50
922422
917.20
503.10
923523
916.70
503.10
924623
917.80
503.00
925721
917.80
503.00
926818
919.30
503.00
927920
919.90
503.00
929018
920.50
503.00
930117
922.00
503.00
931217
921.60
503.00
932318
921.60
503.00
933416
921.40
503.00
934516
920.50
503.00
935616
920.10
503.00
936715
919.80
503.00
937816
920.50
503.00
938916
920.50
503.00
940015
921.70
503.00
941114
922.90
503.00
942216
924.00
503.00
943313
924.70
503.00
944410
924.20
503.00
945511
923.50
503.00
946611
924.40
503.00
947709
922.50
503.00
948807
922.20
503.10
949909
923.00
503.00
951008
923.50
503.00
952109
924.30
503.00
953210
924.20
503.30
954308
925.50
503.30
955408
926.90
503.80
956510
926.70
503.90
957609
926.50
503.90
958709
928.60
504.00
959810
928.80
504.00
960907
927.80
504.00
962008
927.70
504.00
963108
928.10
503.70
964206
927.10
503.40
965304
926.30
503.30
966406
925.90
503.50
967505
926.30
503.20
968604
926.60
503.00
969706
926.80
503.00
970805
926.80
503.00
971904
927.90
503.00
973005
928.40
503.00
974104
928.50
503.00
975204
931.10
503.00
976306
931.10
503.00
977404
931.10
503.00
978502
931.10
503.00
979604
930.70
503.00
980703
930.90
503.00
981800
930.70
503.00
982900
929.30
503.00
984001
929.20
503.00
985099
930.00
503.00
986198
931.30
503.00
987299
931.90
503.00
988396
932.90
503.00
989495
932.90
503.00
990597
932.70
503.00
991697
933.00
503.00
992795
932.40
503.00
993896
931.80
503.00
994996
932.20
503.00
996094
931.30
503.00
997194
932.30
503.00
998295
933.00
503.00
999393
933.30
503.00
1000493
934.20
503.20
1001593
934.00
503.40
1002692
935.60
503.40
1003791
935.80
503.50
1004892
936.90
504.00
1005991
936.40
503.90
1007089
935.70
503.60
1008191
935.90
503.60
1009291
936.10
503.50
1010390
935.60
503.50
1011491
936.10
503.90
1012590
936.40
503.80
1013689
935.00
503.70
1014791
935.10
503.90
1015890
935.50
504.00
1016990
935.40
504.00