11014
931.02
514.49
811.81
90
19
21013
931.73
515.58
812.31
90
12
31013
931.70
514.33
812.20
90
13
41014
931.73
515.05
812.32
90
13
51013
931.92
515.05
812.34
90
11
61014
931.73
515.03
812.31
90
14
71013
931.99
515.53
812.41
90
12
81013
931.98
515.32
812.33
90
12
91014
931.99
515.31
812.36
90
12
101013
932.04
515.01
812.36
90
12
111013
932.06
514.97
812.36
90
12
121014
932.04
514.97
812.36
90
13
131013
932.07
515.05
812.39
90
13
141014
932.11
515.01
812.39
90
12
151011
932.12
514.72
812.36
90
13
161011
932.11
514.74
812.41
90
13
171012
932.13
515.03
812.48
90
13
181011
932.14
515.05
812.78
90
13
191011
932.14
515.05
813.20
90
13
201012
932.18
515.05
813.35
90
13
211011
932.21
515.05
813.38
90
13
221011
932.24
515.05
813.39
90
13
231011
932.26
515.05
813.39
90
13
241011
932.34
515.06
813.39
90
12
251012
932.39
514.97
813.36
90
12
261011
932.37
514.89
813.36
90
12
