32013
477.92
493.01
485.48
42013
489.31
493.51
486.12
52014
499.10
493.91
486.49
62013
507.18
494.47
486.50
72013
516.13
494.51
486.97
82014
524.91
494.51
487.50
92013
532.71
494.51
488.28
102013
540.59
494.51
489.09
112013
550.06
494.51
490.16
122013
557.31
494.51
491.59
132014
565.44
494.51
493.16
142013
573.67
494.54
495.03
152013
581.31
494.52
496.92
162014
589.59
494.70
499.05
172013
597.80
494.91
501.34
182013
605.67
495.41
503.70
192013
613.37
495.48
506.19
202013
621.09
495.51
508.59
212014
628.21
495.51
511.00
222013
634.64
495.06
513.41
232013
642.64
494.51
515.70
242014
649.29
494.51
517.97
252013
656.88
494.51
520.34
262013
663.44
494.51
522.63
272013
670.45
494.70
524.89
282013
676.59
495.35
527.17
292014
683.02
495.51
529.41
302013
689.98
494.53
531.67
312013
695.75
494.51
534.00
322014
702.40
494.51
536.32
332013
708.35
494.51
538.63
342013
714.05
494.51
540.96
352013
720.72
494.51
543.26
362013
726.38
494.54
545.53
372014
731.29
494.71
547.89
382013
737.22
494.65
550.38
392013
742.70
494.52
552.83
402014
747.54
494.82
555.36
412013
753.31
495.19
557.87
422013
758.09
495.48
560.35
432013
762.56
495.51
562.96
442013
768.37
494.63
565.68
452014
773.18
494.64
568.41
462013
777.11
494.82
571.10
472013
782.15
494.52
573.90
482014
786.86
494.51
576.70
492013
791.59
494.52
579.50
502013
795.45
494.51
582.39
512013
800.40
494.51
585.41
522013
804.25
494.51
588.38
532014
808.97
495.15
591.36
542013
812.25
495.51
594.25
552013
816.48
495.51
597.15
562014
820.45
495.51
600.09
572013
823.49
495.51
603.04
582013
827.84
495.51
606.01
592013
831.20
495.51
608.96
602013
835.01
495.51
611.92
612014
838.96
495.51
614.92
622013
841.71
495.51
617.96
632013
844.87
495.51
621.03
642014
848.44
495.51
624.00
652013
851.63
495.53
626.95
662013
854.95
495.52
629.92
