18813
518.57
513.00
611.00
50
100
28813
531.69
522.44
615.19
51
100
38813
543.01
522.07
612.11
51
100
48814
549.20
521.14
608.86
51
100
58813
558.06
521.00
607.11
51
100
68813
566.90
521.00
605.95
51
100
78814
575.65
521.00
605.03
51
100
88813
586.07
521.00
605.00
51
100
98813
594.99
521.00
605.00
51
100
108813
612.22
521.13
605.49
50
100
118813
628.42
520.99
606.09
50
100
128814
638.21
521.00
607.19
50
100
138813
645.75
520.99
608.02
50
100
148813
650.58
520.34
608.98
50
100
158814
658.19
520.55
609.88
50
100
168813
665.65
520.05
610.80
50
100
178813
674.01
520.17
611.68
50
100
188813
679.90
521.00
612.69
50
100
198813
686.92
520.89
613.68
50
100
208814
693.84
520.00
614.77
50
100
218813
701.23
520.00
615.83
50
100
228813
708.26
520.00
617.07
50
100
238814
715.51
520.00
618.33
50
84
248813
720.79
518.94
618.67
50
71
258813
726.52
517.69
619.07
50
57
268813
730.40
516.61
619.41
50
47
278813
733.07
515.80
619.88
50
40
288814
735.57
515.23
620.65
50
34
298813
737.20
514.75
621.42
50
29
308813
739.13
514.34
622.20
50
0
318814
738.24
512.00
621.41
50
0
328813
738.00
512.00
622.17
50
0
338813
737.86
512.24
623.00
50
0
348813
737.13
512.79
623.57
50
29
358813
739.62
514.54
625.76
50
0
368814
739.00
512.64
624.81
50
0
378813
738.92
512.01
625.00
50
0
388813
738.53
512.17
625.63
50
0
398814
738.09
512.88
626.00
50
0
408813
738.01
513.00
626.01
50
0
418813
738.00
512.99
626.55
50
0
428813
737.98
512.24
627.00
50
0
438813
728.27
512.00
627.00
50
52
448814
731.94
516.20
630.15
50
43
458813
734.97
515.48
630.31
50
35
468813
737.27
514.83
630.12
50
29
478814
739.17
514.23
630.51
50
0
488813
738.29
511.01
629.00
50
0
498813
738.00
511.08
629.09
50
0
508813
738.00
511.04
629.93
50
0
518813
737.90
511.00
630.00
50
0
528814
737.54
511.00
630.00
50
0
538813
738.00
511.00
630.02
51
47
548813
748.92
513.45
632.45
60
100
558814
756.88
515.92
634.90
60
100
568813
762.49
516.67
635.70
60
100
578813
769.06
516.94
636.57
60
100
588813
774.37
517.00
637.47
60
100
598813
778.26
516.33
638.46
60
100
608814
774.94
516.91
640.00
60
100
618813
780.42
516.88
641.48
60
100
628813
786.16
517.00
642.93
60
96
638814
791.41
516.83
644.49
60
80
648813
796.57
515.66
645.43
60
64
658813
800.46
514.39
646.37
60
52
668813
803.40
513.56
647.61
60
42
678813
805.40
512.46
648.79
60
36
688814
806.85
512.16
650.27
60
0
698813
806.26
510.00
650.10
60
0
708813
806.00
510.05
651.56
60
0
718814
805.80
510.13
652.71
60
34
728813
807.15
512.40
655.38
60
0
738813
807.00
510.67
654.94
60
0
748813
806.83
510.34
655.94
60
0
758813
806.07
510.01
656.90
60
0
768814
806.00
510.71
657.83
60
0
778813
806.00
510.96
658.59
60
0
788813
805.78
510.82
659.20
60
34
798814
807.17
513.11
661.64
70
100
808813
811.23
517.27
665.31
71
100
818813
815.72
517.95
666.39
71
100
828813
820.39
518.00
667.52
71
100
838813
825.07
517.79
668.81
71
100
848814
829.98
518.00
670.40
71
100
858813
833.60
518.00
671.95
71
100
868813
838.77
518.00
673.64
71
100
878814
842.63
518.00
675.56
71
100
888813
846.93
518.00
677.51
71
100
898813
850.42
518.00
679.54
71
100
908813
854.66
518.00
681.65
71
84
918813
858.53
517.08
683.16
70
49
928814
860.25
514.49
683.73
70
0
938813
860.02
511.88
683.67
70
42
948813
861.60
514.72
687.37
70
0
958814
861.07
511.56
687.33
70
0
968813
860.99
511.85
688.79
70
0
978813
860.26
512.00
690.34
70
0
988813
860.01
512.00
691.60
70
42
998813
861.36
514.61
694.70
70
0
1008814
861.14
512.00
694.17
70
0
1018813
860.99
511.82
695.29
70
0
1028813
860.73
511.98
696.28
70
0
1038814
860.05
511.78
697.17
70
42
1048813
861.85
513.97
699.88
70
0
1058813
861.49
511.00
699.12
70
0
1068813
861.00
511.00
700.00
70
0
1078813
861.00
510.35
700.92
70
0
1088814
860.61
510.55
701.58
70
0
1098813
860.02
510.74
702.22
70
42
1108813
861.66
512.98
704.70
70
0
1118814
861.32
510.00
703.76
70
0
1128813
861.00
510.02
704.24
70
0
1138813
860.96
510.92
705.00
70
0
1148813
860.78
511.00
705.83
80
100
1158813
863.38
517.66
710.22
80
100
1168814
866.87
517.30
711.05
80
100
1178813
870.75
517.07
712.11
80
100
1188813
874.83
517.66
713.29
80
100
1198814
877.48
517.98
714.63
80
100
1208813
880.74
518.00
716.14
80
100
1218813
883.74
518.00
717.62
80
100
1228813
886.96
518.00
719.38
80
100
1238813
889.64
518.00
721.09
80
100
1248814
892.60
518.00
722.81
80
97
1258813
895.50
518.00
724.75
80
82
1268813
897.53
516.97
726.06
80
71
1278814
899.73
516.04
727.70
80
59
1288813
901.08
514.82
729.17
80
52
1298813
902.68
514.28
730.85
80
0
1308813
902.55
511.00
730.82
80
0
1318813
901.99
510.82
732.48
80
0
1328814
901.91
510.52
733.91
80
0
1338813
901.26
511.00
735.31
80
51
1348813
902.49
514.09
738.47
80
0
1358814
902.05
510.76
737.67
80
0
1368813
902.00
510.97
738.77
80
0
1378813
901.87
511.00
739.83
80
0
1388813
901.20
511.00
740.77
80
51
1398813
902.78
514.14
743.52
80
0
1408814
902.39
511.00
742.61
80
0
1418813
902.00
511.00
743.52
80
0
1428813
901.95
511.00
744.22
80
0
1438814
901.32
511.00
745.01
80
50
1448813
902.63
514.03
747.51
80
0
1458813
902.50
511.00
746.70
80
0
1468813
902.95
511.00
747.33
90
100
1478813
905.30
516.88
751.11
90
100
1488814
907.42
517.00
752.01
90
100
1498813
910.20
517.00
753.15
90
100
1508813
911.99
517.03
754.40
90
100
1518814
914.25
517.12
755.66
90
100
1528813
916.17
517.02
757.27
90
100
1538813
918.21
517.00
758.68
90
100
1548813
920.27
517.01
760.38
90
100
1558813
922.43
517.00
762.09
90
100
