13012
483.80
502.00
14113
480.50
502.00
15213
482.80
502.00
16311
489.10
502.00
17413
491.00
502.00
18513
491.50
502.00
19610
501.90
502.00
20711
509.50
502.00
21812
509.80
502.00
22909
503.50
502.00
24007
497.30
502.00
25109
494.30
502.00
26206
496.00
502.00
27304
500.70
502.00
28404
505.10
502.00
29505
511.60
502.00
30603
517.30
502.00
31703
519.50
502.00
32804
520.20
502.00
33902
518.20
502.00
35001
510.90
502.00
36103
509.00
502.00
37202
514.10
502.00
38303
508.10
502.00
39404
510.00
502.00
40502
515.80
502.00
41602
525.70
502.00
42703
523.80
502.00
43801
533.90
502.00
44900
538.60
502.00
46002
536.40
502.00
47100
536.70
502.00
48199
529.10
502.00
49300
527.30
502.00
50399
525.60
502.00
51496
534.30
502.00
52596
542.90
502.00
53696
548.50
502.00
54795
553.10
502.00
55896
548.50
502.00
56997
548.30
502.00
58095
542.60
502.00
59195
541.40
502.00
60296
545.70
502.00
61394
551.10
502.00
62493
562.50
502.00
63594
559.60
502.00
64693
559.70
502.00
65792
552.40
502.00
66893
549.60
502.00
67992
553.00
502.00
69090
559.20
502.00
70192
570.40
502.30
71292
571.00
502.50
72391
570.80
502.20
73493
569.90
502.00
74592
570.80
502.00
75692
562.90
502.00
76793
562.40
502.00
77891
567.30
502.00
78989
572.90
502.00
80091
583.70
502.00
81191
582.70
502.00
82291
584.00
502.00
83392
588.20
502.00
84491
585.90
502.00
85592
585.40
502.00
86692
585.50
502.00
87790
584.00
502.00
88888
580.10
502.00
89990
582.50
502.00
91088
584.60
502.00
92186
590.90
502.00
93286
599.00
502.00
94387
601.60
502.00
95485
602.20
502.00
96585
600.50
502.00
97686
600.40
502.00
98784
598.60
502.30
99885
591.40
502.10
100986
592.60
502.30
102084
596.30
502.20
103183
603.70
502.00
104285
606.50
502.00
105382
612.60
502.00
106480
614.30
502.00
107581
613.00
502.00
108681
615.20
502.00
109779
612.50
502.00
110876
608.50
502.00
111977
611.60
502.00
113076
613.30
502.00
114174
620.00
502.00
115275
627.80
502.00
116375
628.20
502.00
117473
629.10
502.00
118574
626.60
502.00
119675
628.60
502.00
120773
629.70
502.00
121873
623.30
502.00
122974
626.30
502.00
124072
624.30
502.00
125169
628.10
502.00
126270
632.30
502.00
127370
636.70
502.00
128470
641.50
502.10
129570
644.20
502.00
130670
642.60
502.00
131768
640.80
502.00
132870
639.40
502.00
133969
639.80
502.00
135067
637.00
502.00
136169
638.10
502.00
137268
640.70
502.00
138366
646.40
502.10
139467
653.60
502.10
140567
657.30
502.00
141665
654.30
502.10
142764
651.80
502.10
143865
653.00
502.40
144963
648.90
502.10
146061
652.70
502.00
147163
658.80
502.00
148264
659.00
502.00
149363
665.30
502.00
150463
665.30
502.00
151562
664.90
502.00
152660
661.40
502.00
153761
655.10
502.00
154861
660.90
502.00
155959
664.20
502.00
157062
672.80
502.00
158160
673.00
502.00
159257
673.70
502.00
160357
669.70
502.00
161458
670.00
502.00
162556
670.20
502.00
163654
677.10
502.10
164756
681.40
502.00
165854
682.10
502.00
166952
680.20
502.10
168052
677.80
502.00
169153
673.40
502.00
170251
676.80
502.00
171352
679.80
502.10
172452
682.10
502.10
173550
689.00
502.10
174650
692.20
502.00
175752
691.90
502.00
176850
691.00
502.50
177947
689.20
502.10
179050
686.00
502.00
180149
689.50
502.00
181248
686.90
502.00
182349
691.30
502.00
183448
693.90
502.00
184546
699.30
502.00
185648
701.40
502.00
186747
703.10
502.00
187846
705.60
502.00
188948
706.80
502.00
190048
708.10
502.00
191148
706.20
502.00
192249
706.70
502.00
193348
707.20
502.00
194447
704.90
502.00
195549
702.60
502.00
196646
703.30
502.00
197743
708.80
502.00
198843
716.30
502.00
199944
717.50
502.00
201042
717.90
502.00
202140
714.20
502.30
203242
715.00
502.00
204341
711.70
502.00
205442
713.50
502.00
206543
714.10
502.30
207642
717.60
502.50
208741
724.00
502.60
209843
726.60
502.80
210940
729.10
503.00
212038
727.10
502.60
213140
726.00
502.00
214240
726.00
502.00
215340
722.50
502.00
216441
722.60
502.00
217540
723.30
502.00
218640
727.00
502.00
219742
728.30
502.00
220840
731.40
502.00
221939
734.60
502.00
223040
739.70
502.00
224138
741.40
502.20
225236
739.40
502.10
226337
738.60
502.10
227437
736.70
502.20
228534
735.10
502.10
229635
737.50
502.30
230736
739.50
502.60
231835
741.60
502.60
232937
742.90
502.70
234037
743.90
503.00
235136
748.90
502.90
236238
751.20
503.00
237336
750.60
503.00
238434
750.10
502.90
239534
745.70
502.40
240635
746.00
502.50
241732
748.30
502.50
242831
751.10
502.80
243932
752.50
502.20
245031
758.00
502.10
246131
760.80
502.10
247232
757.90
502.00
248330
759.00
502.00
249428
754.40
502.00
250528
753.30
502.00
251627
757.10
502.00
252726
759.20
502.00
253826
762.90
502.00
254927
763.40
502.00
256025
767.90
502.10
257122
769.70
502.10
258224
767.50
502.20
259323
767.90
502.00
260421
765.50
502.10
261521
762.70
502.00
262622
764.50
502.00
263719
765.80
502.10
264816
769.40
502.10
265917
773.30
502.50
267017
772.70
502.50
268115
778.00
502.70
269216
777.80
502.90
270317
778.70
503.00
271414
778.80
502.80
272515
776.50
502.80
273616
777.30
503.00
274715
776.80
503.00
275817
776.80
503.00
276917
777.10
502.90
278017
778.50
503.00
279118
779.80
503.00
280215
781.30
503.00
281313
785.50
503.00
282413
787.60
503.00
283514
788.40
503.00
284612
788.30
503.00
285712
785.00
503.00
286814
786.40
503.00
287912
786.40
503.00
289012
783.90
503.00
290113
787.20
503.00
291211
789.40
503.00
292311
792.10
503.00
293412
793.20
503.00
294511
796.10
503.00
295610
797.70
503.00
296712
799.60
503.00
297809
800.80
503.00
298909
799.50
503.00
300010
799.00
503.00
301109
799.80
503.00
302209
799.40
503.00
303310
800.70
503.00
304408
799.60
503.00
305506
798.90
503.00
306607
797.00
503.00
307707
798.70
503.00
308805
800.10
503.00
309907
802.40
502.90
311008
800.00
502.80
312105
804.00
502.30
313206
806.00
502.30
314306
806.40
502.70
315406
807.90
502.50
316508
807.80
502.80
317607
808.60
502.80
318705
814.20
502.90
319808
815.00
502.80
320906
816.00
502.70
322007
815.40
502.50
323108
816.40
502.80
324207
816.10
502.80
325306
813.10
502.50
326409
814.00
502.60
327507
812.50
502.70
328607
815.10
502.60
329708
816.60
502.90
330806
819.50
503.00
331905
822.00
503.00
333006
824.20
503.00
334104
823.30
503.00
335203
820.20
503.00
336305
820.00
503.00
337404
819.90
503.00
338502
822.20
503.00
339604
823.40
503.00
340703
824.10
503.00
341804
829.20
503.00
342905
829.60
503.00
344004
829.90
503.00
345103
829.70
503.00
346204
830.20
503.00
347302
828.40
503.00
348400
826.80
503.00
349501
829.30
503.00
350602
830.60
503.00
351699
833.20
503.00
352800
837.30
503.00
353901
836.90
503.00
354998
838.00
503.00
356098
835.40
503.00
357199
835.30
503.00
358297
833.90
503.00
359394
833.50
502.40
360496
835.10
502.30
361596
836.60
502.00
362695
838.10
502.10
363797
839.10
502.00
364896
839.70
502.30
365996
844.00
502.10
367097
844.30
502.40
368195
844.50
502.40
369293
843.50
502.70
370394
840.60
502.50
371493
842.20
502.60
372590
841.90
502.90
373689
844.90
503.00
374791
844.70
503.00
375890
845.40
503.00
376988
850.30
502.70
378090
850.90
503.00
379188
851.20
503.00
380286
850.10
503.00
381386
846.80
503.00
382487
848.00
503.00
383585
847.80
503.00
384686
849.20
503.00
385786
849.30
502.80
386884
851.10
502.40
387984
854.50
502.50
389086
854.30
502.70
390184
857.00
502.60
391281
856.90
503.00
392383
856.40
502.80
393482
857.40
502.60
394580
856.40
502.80
395681
855.40
503.00
396781
854.80
502.80
397880
854.60
502.90
398982
854.30
502.90
400081
855.10
503.00
401178
858.30
503.00
402279
859.50
503.00
403380
859.90
503.00
404478
862.20
503.00
405577
864.90
503.00
406677
864.40
502.90
407776
865.30
503.00
408877
864.10
503.00
409978
864.40
502.40
411076
864.60
502.60
412175
863.60
502.40
413277
861.30
502.30
414374
863.40
502.70
415471
864.90
503.00
416572
866.10
503.00
417672
867.10
503.00
418770
870.30
503.00
419868
870.20
503.00
420970
870.20
503.00
422068
870.50
503.00
423166
868.00
503.00
424266
866.30
503.00
425367
868.90
503.00
426465
869.80
503.00
427564
872.60
503.00
428665
874.10
503.00
429763
875.20
503.00
430861
874.90
503.00
431962
874.30
503.00
433062
874.10
503.00
434159
871.60
503.00
435259
872.60
503.00
436359
873.60
503.00
437458
875.50
503.00
438557
878.40
503.00
439658
880.60
503.00
440757
880.50
503.00
441856
879.30
503.00
442957
879.90
503.00
444055
879.70
503.00
445153
877.40
503.00
446253
878.60
503.00
447354
879.60
503.00
448452
881.00
503.00
449549
884.60
503.00
450651
884.10
503.00
451750
884.10
503.00
452848
883.10
503.00
453949
880.30
503.00
455050
881.60
503.00
456148
881.40
503.00
457249
883.30
503.00
458349
884.00
503.00
459446
885.70
503.00
460547
888.70
503.00
461647
889.40
503.00
462745
887.70
503.00
463844
886.80
503.00
464946
885.60
503.00
466043
885.40
503.00
467143
885.80
503.00
468245
885.80
503.00
469344
886.90
503.00
470443
889.30
503.00
471543
889.70
503.00
472642
890.40
503.00
473741
892.70
503.00
474842
893.20
503.00
475942
893.20
503.00
477039
893.20
503.00
478140
893.10
503.00
479239
893.70
503.00
480338
893.40
503.00
481438
892.20
503.00
482539
892.10
503.00
483637
891.90
503.00
484734
893.40
503.00
485835
894.30
503.00
486934
894.50
503.00
488032
897.20
503.00
489131
898.20
503.00
490232
900.00
503.00
491331
899.40
503.00
492429
898.50
503.00
493530
897.60
503.00
494630
898.90
503.00
495728
897.00
503.00
496830
896.40
503.00
497929
897.30
503.00
499026
897.30
503.00
500127
898.70
503.00
501228
899.70
503.00
502326
899.90
503.00
503425
902.50
503.00
504525
903.80
503.00
505623
903.90
503.00
506721
902.40
503.00
507821
900.70
503.00
508922
900.70
503.00
510020
900.10
503.00
511121
901.30
503.00
512222
902.30
503.00
513321
903.30
503.00
514421
904.40
503.00
515522
905.10
503.00
516620
907.20
503.00
517721
908.50
503.00
518821
909.00
503.00
519919
907.40
503.00
521019
905.50
503.00
522120
905.00
503.00
523218
905.40
503.00
524318
907.30
503.00
525419
907.90
503.00
526518
909.20
503.00
527617
911.30
503.00
528718
910.10
503.00
529815
909.30
503.00
530914
907.90
503.00
532015
907.50
503.00
533115
908.60
503.00
534212
910.60
503.00
535312
912.60
503.00
536413
912.30
503.00
537511
912.60
503.00
538609
912.00
503.00
539710
912.20
503.00
540810
911.20
503.00
541911
911.90
503.00
543012
911.60
503.00
544111
911.90
503.00
545208
912.90
503.00
546310
913.20
503.00
547409
914.20
503.00
548508
917.10
503.00
549610
917.80
503.00
550708
917.50
503.00
551805
917.40
503.00
552904
916.60
503.00
554005
916.90
503.00
555104
917.60
503.00
556204
916.30
503.00
557305
916.60
503.00
558404
917.00
503.00
559501
916.90
503.00
560603
917.30
503.00
561702
916.80
503.00
562800
917.90
503.00
563901
919.10
503.00
565001
919.10
503.00
566098
920.10
503.00
567198
921.90
503.00
568299
923.10
503.00
569397
922.80
503.00
570494
921.80
503.00
571594
920.00
503.00
572694
921.30
503.00
573792
920.30
503.00
574892
921.80
503.00
575993
922.40
503.00
577092
923.40
503.00
578192
924.60
503.00
579294
926.30
503.00
580392
926.10
503.00
581492
927.50
503.00
582593
926.80
503.00
583690
927.20
503.00
584788
925.10
503.00
585889
924.80
503.00
586989
924.30
503.00
588087
925.40
503.00
589188
926.40
503.00
590288
926.40
503.00
591387
928.50
503.00
592489
929.00
503.00
593589
929.80
503.00
594688
929.50
503.00
595789
928.90
503.00
596888
929.20
503.00
597986
928.00
503.00
599087
927.80
503.00
600187
927.60
503.00
601285
929.50
503.00
602387
930.30
503.00
603488
930.40
503.00
604585
931.80
503.00
605685
933.20
503.00
606785
933.50
503.00
607884
932.50
503.00
608985
932.40
503.00
610085
932.80
503.00
611183
931.90
503.00
612284
931.40
503.00
613384
931.30
503.00
614483
932.00
503.00
615583
933.40
503.00
616684
933.40
503.00
617781
935.00
503.00
618880
936.00
503.00
619981
936.90
503.00
621080
935.60
503.00
622178
935.40
503.00