11914
735.00
500.10
626.00
50
4
21913
735.72
501.07
626.08
50
2
31913
735.23
501.04
626.04
50
4
41913
735.83
501.08
626.08
50
2
51913
735.78
501.04
626.04
50
2
61914
735.74
500.97
626.04
50
2
71913
735.60
500.97
626.04
50
3
81913
735.81
501.06
626.06
50
2
91914
735.65
501.04
626.04
50
3
101913
735.84
501.06
626.06
50
2
111913
735.89
501.04
626.04
50
2
121913
735.67
501.04
626.04
50
3
131913
735.82
501.07
626.06
50
2
141914
735.77
500.90
626.04
50
2
151913
735.69
500.08
626.04
50
3
161913
735.81
500.09
626.06
50
2
171914
735.77
500.07
626.04
76
100
181913
743.18
502.76
627.96
76
100
191913
757.35
503.00
628.37
76
100
201913
767.44
503.00
629.23
76
100
211913
777.96
503.00
630.41
76
100
221914
787.10
503.00
631.73
76
100
231913
796.37
503.00
633.45
76
100
241913
804.64
503.13
635.25
76
100
251914
813.06
503.97
637.21
76
100
261913
821.47
503.82
639.27
76
100
271913
829.33
503.99
641.57
76
100
281913
836.24
503.70
643.97
76
100
291913
843.49
504.00
646.65
76
100
301914
850.23
504.00
649.42
76
100
311913
856.71
503.75
652.42
76
100
321913
863.38
503.32
655.46
76
100
331914
869.39
504.00
658.65
76
100
341913
874.91
504.00
661.86
76
79
351913
880.44
503.64
664.93
76
53
361913
883.06
503.07
667.78
76
41
371913
884.10
502.83
671.02
76
36
381914
885.36
502.26
674.32
76
30
391913
886.28
501.91
677.43
76
25
401913
887.12
501.63
680.33
76
0
411914
885.88
501.47
682.86
76
27
421913
887.44
502.55
685.91
76
0
431913
886.28
501.07
687.99
76
25
441913
887.44
501.69
690.61
76
0
451913
886.57
501.00
692.35
76
0
461914
885.99
501.66
694.34
76
27
471913
887.62
502.55
696.53
76
0
481913
886.49
502.00
697.76
76
24
491914
887.72
502.73
699.71
76
0
501913
887.08
502.19
700.99
76
0
511913
886.12
503.00
702.50
76
26
521913
887.94
503.53
704.25
76
0
531913
887.14
503.00
705.29
76
0
541914
886.13
503.00
706.53
76
26
551913
887.90
503.55
708.23
76
0
561913
887.19
503.00
709.17
76
0
571914
886.36
503.00
710.35
76
25
581913
888.07
503.51
711.90
76
0
591913
887.12
503.00
712.67
76
0
601913
886.28
503.00
713.73
76
25
611913
887.95
503.63
715.22
76
0
621914
887.18
503.00
715.85
76
0
631913
886.44
503.03
716.88
76
24
641913
888.02
503.75
718.20
76
0
651914
887.15
503.72
718.76
76
0
661913
886.42
503.91
719.62
76
24
671913
887.99
503.73
720.65
76
0
681913
887.11
503.00
721.08
76
0
691913
886.37
502.93
721.99
76
24
701914
887.99
503.15
723.14
76
0
711913
887.11
503.00
723.30
76
0
721913
886.55
503.00
724.01
76
0
731914
886.00
503.50
724.85
76
26
741913
887.78
504.53
725.80
76
0
751913
887.01
503.95
726.00
76
0
761913
886.08
504.00
726.91
72
0
771913
885.94
504.00
727.16
72
0
781914
885.20
504.00
727.99
72
0
791913
884.98
504.00
728.33
72
0
801913
884.58
504.00
729.00
72
0
811914
884.00
503.87
729.12
72
0
821913
883.78
503.97
729.98
72
0
831913
883.04
504.00
730.00
72
0
841913
882.96
504.00
730.47
72
0
851913
882.25
504.00
731.00
72
0
861914
882.00
504.00
731.00
72
0
871913
881.68
503.97
731.11
72
0
881913
881.01
504.00
731.90
72
0
891914
880.97
504.00
731.99
72
0
901913
880.12
504.00
732.00
72
0
911913
879.99
504.00
732.00
72
0
921913
879.53
504.01
732.40
72
0
931913
879.00
504.00
732.94
72
0
941914
878.90
504.01
733.00
72
0
951913
878.14
504.52
733.00
72
0
961913
877.99
504.84
733.00
72
0
971914
877.64
504.72
733.00
72
0
981913
877.00
504.60
733.04
72
0
991913
876.96
504.89
733.29
72
0
1001913
876.01
504.93
733.04
72
0
1011913
875.19
504.99
733.00
72
0
1021914
874.44
504.94
733.00
72
0
1031913
873.59
504.26
733.00
72
0
1041913
872.78
504.42
732.78
72
0
1051914
871.96
504.84
732.12
72
0
1061913
871.01
504.47
732.00
72
0
1071913
870.16
504.03
732.00
72
0
1081913
869.38
504.00
732.00
72
16
1091913
870.21
504.61
732.16
72
0
1101914
869.12
504.85
731.95
80
100
1111913
873.25
506.96
732.98
80
100
1121913
881.15
507.00
733.01
80
100
1131914
886.31
507.00
733.81
80
99
1141913
891.33
507.00
734.45
80
74
1151913
895.49
506.51
734.91
80
53
1161913
898.05
506.04
735.73
80
39
1171913
898.90
505.79
736.83
80
34
1181914
899.75
505.69
738.07
80
30
1191913
900.76
505.61
739.26
80
24
1201913
901.37
505.49
740.25
80
21
1211914
901.99
505.43
741.33
80
0
1221913
901.01
505.00
742.18
80
23
1231913
901.94
505.51
743.35
80
0
1241913
901.08
505.00
744.04
80
23
1251913
901.86
505.70
745.22
80
0
1261914
901.22
505.00
745.71
80
22
1271913
902.11
505.67
746.83
80
0
1281913
901.17
505.04
747.02
80
22
1291914
902.30
505.69
748.21
80
0
1301913
901.51
505.03
748.33
80
20
1311913
902.44
506.09
749.20
80
0
1321913
901.60
505.98
749.62
80
20
1331913
902.52
506.38
750.20
80
0
