51913
456.39
501.00
478.00
50
100
61914
467.63
505.69
482.15
50
100
71913
478.28
505.34
482.41
50
100
81913
483.27
505.41
482.98
50
100
91914
505.37
506.00
483.73
50
100
101913
519.30
505.99
485.25
50
100
111913
538.09
506.00
487.15
50
100
121913
548.09
506.00
489.40
50
100
131913
559.57
505.99
491.95
50
100
141914
568.32
505.99
494.80
50
100
151913
587.32
505.95
498.05
50
100
161913
607.33
505.81
501.53
50
100
171914
610.21
505.25
504.61
50
100
181913
629.71
505.49
508.16
50
100
191913
637.06
505.94
511.42
50
100
201913
652.72
506.00
514.87
50
100
211913
664.25
506.00
518.17
50
100
221914
672.65
506.00
521.43
50
100
231913
686.16
505.99
524.65
50
100
241913
698.12
505.89
527.78
50
100
251914
704.26
505.88
530.94
50
100
261913
719.69
505.54
534.20
50
65
271913
723.54
503.74
536.12
50
51
281913
734.67
503.04
538.79
50
10
291913
732.23
501.40
540.48
50
26
301914
737.71
502.05
544.25
50
0
311913
736.23
501.00
546.15
50
2
321913
738.53
501.08
548.93
50
0
331914
735.14
501.00
551.27
50
8
341913
731.69
501.44
553.83
50
28
351913
731.15
502.60
556.78
50
37
361913
734.94
503.39
559.20
50
24
371913
740.37
502.37
560.70
50
0
381914
742.92
501.01
561.79
50
0
391913
739.30
501.01
563.67
50
0
401913
741.03
501.00
565.55
50
0
411914
745.43
501.00
567.24
50
0
421913
738.64
501.00
568.66
50
0
431913
742.03
501.54
570.31
50
0
441913
741.86
502.00
571.60
50
0
451913
736.89
502.00
572.89
60
100
461914
745.98
506.05
577.78
60
100
471913
755.10
506.00
579.33
60
100
481913
761.19
505.93
581.08
60
100
491914
776.60
505.69
583.20
60
100
501913
784.80
505.42
585.63
60
97
511913
790.05
504.97
588.14
60
73
521913
794.39
503.72
589.84
60
53
531913
799.69
502.69
591.92
60
37
541914
807.48
502.47
594.16
60
0
551913
803.14
501.10
595.52
60
15
561913
804.71
502.61
598.65
60
8
571914
809.15
502.34
600.65
60
0
581913
808.92
502.23
602.67
60
0
591913
805.93
503.00
604.63
60
0
601913
800.82
502.97
606.54
60
30
611913
802.14
504.21
609.26
60
28
621914
806.86
504.18
611.13
60
0
631913
810.57
503.00
611.92
60
0
641913
810.24
503.00
613.68
60
0
651914
808.85
503.00
615.42
60
0
661913
805.08
503.00
616.87
60
2
671913
805.29
503.10
618.48
60
1
681913
804.82
503.28
619.75
60
4
691913
806.39
504.16
621.25
60
0
701914
802.27
504.00
622.36
60
20
711913
807.81
504.81
624.06
60
0
721913
806.18
504.00
624.62
60
0
731914
805.15
504.00
625.80
60
2
741913
804.33
504.08
626.94
60
7
751913
803.83
504.28
628.18
70
100
761913
809.03
508.58
632.16
70
100
771913
813.31
508.68
633.50
70
100
781914
824.57
509.00
635.18
70
100
791913
831.14
509.00
637.07
70
100
801913
834.90
509.00
639.23
70
100
811914
843.56
509.00
641.65
70
98
821913
846.90
509.00
644.19
70
78
831913
856.20
507.97
646.32
70
30
841913
859.79
505.56
647.65
70
0
851913
859.19
504.92
649.33
70
5
861914
858.09
505.20
651.96
70
15
871913
859.46
505.61
654.39
70
7
881913
857.55
505.28
656.12
70
24
891914
855.82
505.99
658.60
70
43
901913
860.96
506.78
660.98
70
0
911913
857.90
505.00
661.52
70
15
921913
860.60
505.76
663.81
70
0
931913
857.40
504.67
664.96
70
20
941914
861.60
505.46
667.09
70
0
951913
857.80
504.95
668.10
90
100
961913
863.20
508.92
672.33
90
100
971914
865.99
509.00
673.90
90
100
981913
871.22
509.00
675.70
90
100
991913
879.24
509.01
677.88
90
100
1001913
880.50
509.04
680.13
90
100
1011913
886.19
509.57
682.69
90
100
1021914
893.17
509.93
685.21
90
100
1031913
894.82
509.59
687.94
90
100
1041913
899.70
509.26
690.78
90
100
1051914
902.35
509.06
693.73
90
100
1061913
907.60
509.54
696.80
90
100
1071913
910.95
510.00
699.98
90
100
1081913
910.96
510.00
703.25
90
100
1091913
915.71
510.00
706.68
90
100
1101914
918.28
510.00
710.16
90
100
1111913
920.96
510.03
713.59
90
100
1121913
924.11
510.25
717.01
90
92
1131914
926.31
509.92
720.38
90
69
1141913
931.25
508.85
723.31
90
22
1151913
930.35
507.00
725.70
90
40
1161913
933.24
508.02
729.45
90
0
1171913
930.90
506.11
731.44
90
27
1181914
932.95
507.67
734.79
90
0
1191913
930.80
506.01
736.42
90
28
1201913
933.13
507.41
739.31
90
0
1211914
930.97
506.15
740.78
90
26
1221913
932.34
507.39
743.53
90
12
1231913
931.45
506.62
744.97
90
27
1241913
931.63
507.40
747.14
90
29
1251913
932.36
507.73
749.04
90
22
1261914
933.15
507.68
750.74
90
0
1271913
932.22
507.00
751.81
90
8
1281913
932.37
506.69
753.61
90
7
1291914
933.02
506.72
755.04
90
0
1301913
931.31
506.05
756.35
90
21
1311913
931.73
507.06
758.07
90
20
1321913
932.83
506.99
759.41
90
0
1331913
932.21
506.38
760.19
90
8
1341914
931.14
506.88
761.47
90
25
1351913
932.62
507.98
762.91
85
0
1361913
930.92
507.00
763.63
85
0
1371914
932.36
507.00
764.66
85
0
1381913
930.44
507.00
765.62
85
0
1391913
930.36
506.62
766.55
85
0
1401913
930.38
506.98
767.42
85
0
1411913
929.75
507.00
768.16
85
0
1421914
929.42
507.00
769.00
85
0
1431913
928.88
507.00
769.87
85
0
1441913
928.55
507.00
770.49
85
0
1451914
928.84
507.00
771.04
85
0
1461913
927.21
507.00
771.91
85
0
1471913
928.46
507.00
772.37
85
0
1481913
926.16
507.00
773.00
85
0
1491913
927.47
506.76
773.56
85
0
1501914
925.96
506.10
773.99
85
0
1511913
926.07
506.00
774.68
85
0
1521913
926.14
506.00
775.01
85
0
1531914
925.29
506.43
775.73
85
0
1541913
924.76
506.53
776.00
85
0
1551913
925.18
506.85
776.58
85
0
1561913
924.21
506.59
777.00
85
0
1571913
923.85
506.94
777.13
85
0
1581914
922.88
507.00
777.94
85
0
1591913
924.10
507.00
778.00
85
0
1601913
922.74
507.00
778.34
85
0
1611914
922.43
507.00
778.97
85
0
1621913
922.30
507.00
779.00
85
0
1631913
921.68
507.01
779.05
85
0
1641913
921.14
507.11
779.65
85
0
1651913
921.11
507.19
779.97
85
0
1661914
920.76
507.13
780.00
85
0
1671913
920.14
507.06
780.00
85
0
1681913
919.83
507.06
780.01
85
0
1691914
920.48
507.00
780.45
85
0
1701913
919.21
506.75
780.84
85
0
1711913
918.48
506.02
780.90
85
0
1721913
918.61
506.72
781.00
85
0
1731913
918.18
506.25
780.98
85
1
1741914
917.88
506.05
781.02
85
5
1751913
918.40
506.33
781.10
85
0
1761913
917.40
506.57
781.00
85
11
1771914
916.84
506.98
781.22
85
20
1781913
917.97
506.87
781.44
85
10
1791913
918.58
506.42
781.93
85
0
1801913
917.76
506.81
781.99
85
6
1811913
917.19
507.24
782.12
85
15
1821914
917.67
507.57
782.30
85
12
1831913
918.26
507.46
782.24
85
0
1841913
917.84
507.00
782.04
85
5
1851914
917.58
507.19
782.64
85
10
1861913
917.39
506.98
783.11
85
14
1871913
917.05
507.22
783.25
85
21
1881913
917.99
507.59
783.41
85
13
1891913
918.49
507.52
783.26
85
0
1901914
918.03
507.00
783.01
85
3
1911913
917.79
507.12
783.17
85
6
1921913
917.45
507.14
783.70
85
12
1931914
917.72
506.77
784.14
85
11
1941913
917.93
506.74
784.20
85
10
1951913
916.79
506.40
784.20
85
25
1961913
919.23
506.44
784.50
85
0
1971913
916.94
505.15
784.00
85
16
1981914
919.65
506.08
784.39
85
0
1991913
916.73
505.25
784.73
85
19
2001913
918.92
506.01
785.36
85
0
2011914
917.25
505.00
785.00
85
12
2021913
918.25
505.50
785.24
85
0
2031913
918.02
505.00
785.00
85
3
2041913
917.51
505.14
785.06
85
10
2051913
917.45
505.41
785.23
90
100
2061914
918.30
509.88
787.47
90
100
2071913
922.48
510.11
788.00
90
100
2081913
925.65
510.96
788.37
90
76
2091914
928.62
509.15
788.72
90
45
2101913
930.81
507.75
789.03
90
28
2111913
929.51
506.38
789.68
90
35
2121913
932.16
506.63
790.77
90
8
2131913
931.42
505.75
791.15
90
21
2141914
932.26
506.85
792.22
90
14
2151913
931.71
506.66
792.67
90
24
2161913
931.72
507.24
793.49
90
27
2171914
931.93
507.36
794.11
90
28
2181913
934.15
507.36
794.57
90
0
2191913
932.37
506.00
794.86
90
5
2201913
931.65
506.25
795.14
90
17
2211913
934.00
506.94
796.14
90
0
2221914
931.73
506.02
796.00
90
15
2231913
932.62
506.97
796.60
90
5
2241913
932.25
506.68
797.06
90
11
2251914
932.00
506.91
797.22
90
17
2261913
931.50
507.69
797.74
90
27
2271913
933.55
508.16
798.39
90
0
2281913
931.72
507.29
798.00
90
15
2291913
931.63
508.33
798.47
90
20
2301914
933.00
508.81
799.13
90
0
2311913
932.67
507.77
799.00
90
1
2321913
931.92
507.14
799.02
90
12
2331914
931.41
507.49
799.32
90
23
2341913
933.03
508.45
800.11
90
0
2351913
932.34
507.22
799.98
90
6
2361913
931.51
507.49
800.12
90
20
2371913
932.11
508.43
800.40
90
15
2381914
933.00
508.61
800.30
90
0
2391913
931.49
508.00
800.38
90
18
2401913
931.88
508.75
801.20
90
17
2411914
932.54
508.86
801.33
90
11
2421913
932.95
508.87
801.22
90
0
2431913
931.59
508.87
801.15
90
17
2441913
932.64
508.98
802.06
90
6
2451913
932.26
508.66
802.10
90
11
2461914
931.79
509.44
802.22
90
20
2471913
932.14
509.81
802.40
90
19
2481913
932.53
509.77
802.61
90
15
2491914
932.76
509.48
803.10
90
0
2501913
932.69
509.00
802.99
90
1
2511913
932.29
509.04
803.02
90
7
2521913
931.10
509.28
803.14
90
26
2531913
933.25
509.85
803.66
90
0
2541914
931.63
508.02
803.78
90
16
2551913
932.15
508.81
804.24
90
13
2561913
932.44
508.50
804.26
90
10
2571914
931.94
507.94
804.20
90
19
2581913
932.45
507.96
804.44
90
14
2591913
933.01
507.65
804.95
90
0
2601913
932.38
506.27
804.97
90
5
