7713
487.89
506.00
8714
483.67
506.00
9713
482.44
506.00
10714
481.44
506.00
11713
477.44
506.00
12713
471.89
506.00
13713
471.33
506.00
14713
467.11
506.00
15713
475.33
506.00
16713
479.56
506.00
17714
480.56
506.00
18713
485.44
506.00
19714
487.89
506.00
20713
494.67
506.00
21713
498.11
506.00
22713
500.78
506.00
23713
501.89
506.00
24714
499.78
506.00
25713
498.78
506.00
26714
499.67
506.00
27713
500.89
506.00
28713
500.67
506.00
29713
499.22
506.00
30713
497.00
506.00
31713
495.56
506.00
32713
495.00
506.00
33714
493.33
506.00
34713
496.33
506.00
35714
495.56
506.00
36713
499.78
506.00
37713
504.00
506.00
38713
504.00
506.00
39713
508.44
506.00
40714
509.78
506.00
41713
510.33
506.00
42714
511.67
506.00
43713
516.33
506.00
44713
519.22
506.00
45713
520.00
506.00
46713
524.89
506.00
47713
528.11
506.00
48713
529.44
506.00
49714
530.89
506.00
50713
531.22
506.00
51714
538.44
505.89
52713
536.67
505.89
53713
534.22
506.00
54713
536.33
506.00
55713
536.00
506.00
56714
534.44
505.89
57713
536.22
506.00
58714
537.22
506.00
59713
538.44
506.00
60713
539.22
506.00
61713
538.44
506.00
62713
539.22
506.00
63713
538.22
506.00
64713
537.22
506.00
65714
535.33
506.00
66713
533.89
506.00
67714
534.67
506.00
68713
537.33
506.00
69713
542.00
506.00
70713
545.44
506.00
71713
547.67
506.00
72714
550.22
506.00
73713
555.89
506.00
74714
562.11
506.00
75713
565.67
506.00
76713
561.00
506.00
77713
559.33
506.00
78713
560.44
506.00
79713
556.67
506.00
80713
552.56
506.00
81714
550.78
506.00
82713
554.89
506.00
83714
559.78
506.00
84713
561.11
506.00
85713
566.00
506.00
86713
573.33
506.00
87713
576.56
506.00
88714
577.56
506.00
89713
574.00
506.00
90714
574.78
506.00
91713
573.11
506.00
92713
571.67
506.00
93713
567.67
506.00
94713
566.00
506.00
95713
568.67
506.00
96713
574.00
506.00
97714
575.22
506.00
98713
579.00
506.00
99714
581.67
506.00
100713
587.11
506.00
101713
591.22
506.00
102713
595.22
506.00
103713
591.22
506.00
104714
590.44
506.00
105713
590.00
506.00
106714
592.56
506.00
107713
590.33
506.00
108713
589.44
506.00
109713
587.44
506.00
110713
585.89
506.00
111713
586.78
506.00
112713
585.33
506.00
113714
589.22
506.00
114713
593.33
506.00
115714
595.33
506.00
116713
597.00
506.00
117713
599.78
506.00
118713
602.78
506.00
119713
606.44
506.00
120714
613.22
506.00
121713
613.11
506.00
122714
615.33
506.00
123713
612.33
506.00
124713
611.78
506.00
125713
612.56
506.00
126713
610.11
506.00
127713
606.33
506.00
128713
605.89
506.00
129714
605.33
506.00
130713
609.00
506.00
131714
612.56
506.00
132713
614.67
506.00
133713
616.00
506.00
134713
620.11
506.00
135713
624.56
506.00
136714
627.22
506.00
137713
628.89
506.00
138714
633.00
505.89
139713
631.44
505.67
140713
630.89
505.56
141713
630.22
505.67
142713
629.67
505.89
143713
630.78
506.00
144713
632.33
505.78
145714
632.33
506.00
146713
633.11
506.00
147714
633.11
506.00
148713
632.56
505.89
149713
632.11
505.56
150713
631.78
505.78
151713
630.33
505.67
152714
632.11
505.89
153713
629.78
505.56
154714
631.56
506.00
155713
636.22
505.67
156713
638.89
506.00
157713
640.00
505.89
158713
641.33
505.78
159713
643.22
505.89
160713
646.44
505.78
161714
649.00
506.00
162713
652.67
506.00
163714
655.33
506.00
164713
656.11
506.00
165713
658.00
505.89
166713
659.11
506.00
167713
657.56
506.00
168714
656.78
506.00
169713
657.00
506.00
170714
659.00
506.00
171713
657.33
506.00
172713
655.78
506.00
173713
654.78
506.00
174713
653.89
506.00
175713
653.78
506.00
176713
656.33
506.00
177714
659.67
506.00
178713
661.33
506.00
179714
662.89
506.00
180713
666.56
506.00
181713
671.67
506.00
182713
672.33
506.00
183713
677.11
506.00
184714
673.56
506.00
185713
672.44
505.22
186714
673.22
505.00
187713
673.33
505.00
188713
672.22
505.00
189713
669.00
505.00
190713
668.44
505.00
191713
667.33
505.00
192713
671.00
505.00
193714
675.11
505.00
194713
675.67
505.00
195714
676.44
505.00
196713
680.00
505.00
197713
683.56
505.00
198713
687.44
505.00
199713
689.33
505.00
200714
690.33
505.00
201713
688.56
505.00
202714
688.00
505.00
203713
688.56
505.00
204713
687.00
505.00
205713
685.22
505.00
206713
685.67
505.11
207713
684.22
505.00
208713
688.44
505.00
209714
691.11
505.00
210713
692.11
505.00
211714
694.78
505.11
212713
698.89
505.00
213713
702.11
505.00
214713
704.11
505.22
215713
701.67
505.00
216714
701.00
505.00
217713
699.78
505.11
218714
697.56
505.00
219713
695.11
505.00
220713
695.56
505.11
221713
699.89
505.00
222713
701.33
505.11
223713
703.56
505.00
224713
708.56
505.33
225714
712.00
505.22
226713
715.56
505.11
227714
712.56
505.00
228713
710.11
505.00
229713
711.33
505.00
230713
710.11
505.67
231713
708.33
505.78
232714
707.56
505.56
233713
705.56
505.33
234714
709.33
505.22
235713
712.11
505.11
236713
714.22
505.33
237713
714.78
505.44
238713
718.00
505.67
239713
720.89
506.00
240713
722.89
506.00
241714
726.44
506.00
242713
726.89
506.00
243714
728.89
506.00
244713
727.44
506.00
245713
726.78
506.00
246713
727.11
506.00
247713
727.89
506.00
248714
726.00
506.00
249713
727.22
506.00
250714
724.33
506.00
251713
723.11
506.00
252713
724.44
506.00
253713
724.11
506.00
254713
727.44
506.00
255713
730.22
506.00
256713
730.67
506.00
257714
733.22
506.00
258713
736.78
506.00
259714
739.44
506.00
260713
742.56
506.00
261713
740.78
506.00
262713
739.22
506.00
263713
740.33
506.00
264714
738.89
506.00
265713
736.44
506.00
266714
736.56
506.00
267713
735.22
506.00
268713
738.67
505.89
269713
739.89
505.11
270713
741.78
505.00
271713
745.56
505.00
272713
748.89
505.00
273714
749.11
505.00
274713
751.89
505.11
275714
751.78
505.00
276713
751.11
505.22
277713
750.89
505.22
278713
751.44
505.11
279713
752.22
505.22
280714
751.44
505.22
281713
751.67
505.22
282714
751.67
505.33
283713
751.78
505.56
284713
751.44
505.56
285713
751.00
506.00
286713
751.89
506.00
287713
752.22
506.00
288713
752.44
506.00
289714
751.67
506.00
290713
752.89
506.00
291714
754.33
506.00
292713
756.44
506.00
293713
758.00
506.00
294713
759.44
506.00
295713
760.11
506.00
296714
760.44
506.00
297713
761.89
506.00
298714
763.89
506.00
299713
766.00
506.00
300713
768.11
506.00
301713
770.44
506.00
302713
771.33
506.00
303713
772.67
506.00
304713
774.22
506.00
305714
775.56
506.00
306713
773.11
506.00
307714
774.22
506.00
308713
774.00
506.00
309713
774.78
506.00
310713
774.78
506.00
311713
775.22
506.00
312714
775.67
506.00
313713
774.78
506.00
314714
775.33
506.00
315713
773.44
506.00
316713
773.44
505.67
317713
773.00
505.56
318713
774.33
505.00
319713
776.89
505.11
320713
778.22
505.00
321714
779.33
505.00
322713
782.00
505.00
323714
784.67
505.33
324713
787.11
505.22
325713
788.00
505.33
326713
787.44
505.11
327713
786.00
505.56
328714
786.56
505.78
329713
784.22
505.56
330714
782.33
505.22
331713
782.89
505.78
332713
784.33
505.67
333713
786.67
506.00
334713
787.44
506.00
335713
791.44
506.00
336713
794.00
506.00
337714
796.44
506.00
338713
794.22
506.00
339714
794.22
506.00
340713
792.33
506.00
341713
791.00
506.00
342713
789.89
506.00
343713
790.33
506.00
344714
793.44
506.00
345713
794.78
506.00
346714
796.78
506.00
347713
799.33
506.00
348713
801.11
506.00
349713
801.56
506.00
350713
800.67
506.00
351713
801.22
506.00
352713
799.33
506.00
353714
798.56
506.00
354713
798.78
506.00
355714
801.11
506.00
356713
802.67
506.00
357713
805.67
506.00
358713
807.56
506.00
359713
807.56
506.00
360714
806.89
506.00
361713
806.22
506.00
362714
803.78
506.00
363713
802.78
506.00
364713
804.56
506.00
365713
807.33
506.00
366713
809.11
506.00
367713
812.11
506.00
368713
813.67
506.00
369714
815.33
506.00
370713
814.00
506.00
371714
814.22
506.00
372713
812.78
506.00
373713
811.56
506.00
374713
810.67
506.00
375713
810.22
506.00
376714
813.44
506.00
377713
814.78
506.00
378714
814.89
506.00
379713
815.89
506.00
380713
817.44
506.00
381713
819.56
506.00
382713
821.33
506.00
383713
822.00
506.00
384713
823.44
506.00
385714
822.56
506.00
386713
821.78
506.00
387714
822.11
506.00
388713
822.22
506.00
389713
821.89
506.00
390713
821.11
506.00
391713
820.44
506.00
392714
820.33
506.00
393713
821.33
506.00
394714
820.56
506.00
395713
823.00
506.00
396713
824.00
506.00
397713
825.11
506.00
398713
825.67
506.00
399713
827.67
506.00
400713
828.89
506.00
401714
830.67
506.00
402713
832.44
506.00
403714
833.56
506.00
404713
833.56
506.00
405713
832.67
506.00
406713
832.44
506.00
407713
832.89
506.00
408714
832.56
506.00
409713
832.22
506.00
410714
831.11
506.00
411713
830.56
506.00
412713
830.11
506.00
413713
831.33
506.00
414713
833.22
506.00
415713
834.89
506.00
416713
835.67
506.00
417714
837.78
506.00
418713
839.33
506.00
419714
840.56
506.00
420713
841.56
506.00
421713
840.44
506.00
422713
840.33
506.00
423713
840.67
506.00
424714
839.11
506.00
425713
837.56
506.00
426714
837.44
506.00
427713
839.00
506.00
428713
840.89
506.00
429713
841.44
506.00
430713
843.00
506.00
431713
845.11
506.00
432713
847.22
506.00
433714
848.67
506.00
434713
848.89
506.00
435714
847.44
506.00
436713
847.00
506.00
437713
847.22
506.00
438713
846.78
506.00
439713
845.78
506.00
440714
844.89
506.00
441713
844.33
506.00
442714
846.33
506.00
443713
847.67
506.00
444713
848.56
506.00
445713
849.33
506.00
446713
850.44
506.00
447713
852.44
506.00
448713
854.00
506.00
449714
855.56
506.00
450713
856.78
506.00
451714
855.11
506.00
452713
855.22
506.00
453713
855.33
506.00
454713
855.78
506.00
455713
854.56
506.00
456714
853.00
506.00
457713
853.11
505.78
458714
853.56
505.56
459713
855.00
505.89
460713
856.67
505.67
461713
857.22
505.44
462713
859.89
505.11
463713
861.67
505.00
464713
862.89
505.00
465714
861.89
505.00
466713
861.11
505.00
467714
861.56
505.00
468713
860.78
505.00
469713
859.56
505.00
470713
858.67
505.00
471713
859.11
505.00
472714
859.89
505.00
473713
861.78
505.00
474714
862.89
505.00
475713
863.00
505.00
476713
863.44
505.00
477713
865.67
505.00
478713
867.44
505.00
479713
868.00
505.00
480713
868.89
505.00
481714
869.22
505.00
482713
870.22
505.00
483714
869.11
505.00
484713
869.67
505.00
485713
870.00
505.00
486713
869.89
505.00
487713
870.11
505.00
488714
870.67
505.00
489713
870.67
505.00
490714
870.11
505.00
491713
870.67
505.00
492713
870.56
505.00
493713
870.78
505.00
494713
871.33
505.00
495713
870.33
505.00
496713
870.44
505.00
497714
869.11
505.11
498713
870.56
505.11
499714
872.44
505.00
500713
873.11
505.11
501713
874.22
505.00
502713
873.89
505.33
503713
875.00
505.11
504714
876.00
505.00
505713
877.11
505.00
506714
879.00
505.00
507713
878.78
505.00
508713
880.89
505.11
509713
879.89
505.00
510713
879.11
505.00
511713
879.89
505.00
512713
879.67
505.00
513714
878.56
505.00
514713
877.56
505.00
515714
878.11
505.00
516713
878.56
505.00
517713
879.67
505.00
518713
880.67
505.00
519713
880.89
505.00
520714
881.78
505.00
521713
883.33
505.00
522714
885.33
505.00
523713
885.67
505.00
524713
886.89
505.00
525713
886.44
505.11
526713
885.11
505.11
527713
885.33
505.33
528713
886.22
505.44
529714
885.33
505.56
530713
885.11
506.00
531714
884.44
506.00
532713
884.00
506.00
533713
885.11
506.00
534713
883.67
506.00
535713
885.67
506.00
536714
886.78
506.00
537713
887.22
506.00
538714
887.89
506.00
539713
887.89
506.00
540713
889.44
506.00
541713
890.67
506.00
542713
891.56
506.00
543713
892.33
506.00
544713
892.78
506.00
545714
893.89
506.00
546713
894.22
506.00
547714
893.78
506.00
548713
893.78
506.00
549713
893.56
506.00
550713
893.44
506.00
551713
894.00
506.00
552714
893.33
506.00
553713
893.00
506.00
554714
892.78
506.00
555713
891.78
506.00
556713
891.22
506.00
557713
893.44
506.00
558713
894.22
506.00
559713
894.78
506.00
560713
895.89
506.00
561714
897.33
506.00
562713
899.11
506.00
563714
899.67
506.00
564713
898.89
506.00
565713
898.22
506.00
566713
898.44
506.00
567713
897.44
506.00
568714
896.89
506.00
569713
896.56
506.00
570714
896.89
506.00
571713
898.11
506.00
572713
898.56
506.00
573713
899.44
506.00
574713
900.89
506.00
575713
902.00
506.00
576713
902.78
506.00
577714
902.56
506.00
578713
901.44
506.00
579714
902.22
506.00
580713
902.11
506.00
581713
901.11
506.00
582713
900.11
506.00
583713
900.11
506.00
584714
900.67
506.00
585713
901.89
506.00
586714
902.67
506.00
587713
903.22
506.00
588713
905.11
506.00
589713
905.78
506.00
590713
906.33
506.00
591713
906.22
506.00
592713
905.89
506.00
593714
906.11
506.00
594713
905.33
506.00
595714
904.78
506.00
596713
904.11
506.00
597713
904.56
506.00
598713
905.67
506.00
599713
906.11
506.00
600714
906.89
506.00
601713
908.33
506.00
602714
910.22
506.11
603713
910.78
506.00
604713
910.22
506.00
605713
909.67
506.00
606713
909.78
506.00
607713
908.89
506.00
608713
908.78
506.33
609714
907.89
506.00
610713
908.33
506.11
611714
907.78
506.00
612713
909.33
506.00
613713
910.22
506.00
614713
910.22
506.00
615713
910.44
506.00
616714
911.33
506.00
617713
912.00
506.11
618714
913.11
506.11
619713
914.11
506.00
620713
914.33
506.00
621713
915.44
506.00
622713
915.78
506.00
623713
915.00
506.00
624713
914.89
506.00
625714
914.89
506.00
626713
915.78
506.00
627714
915.44
506.00
628713
915.11
506.00
629713
914.22
506.00
630713
913.67
506.00
631713
914.56
506.00
632714
914.11
506.00
633713
915.89
506.00
634714
916.44
506.00
635713
917.00
506.00
636713
918.00
506.00
637713
918.78
506.00
638713
920.00
506.22
639713
920.11
506.00
640713
919.78
506.00
641714
918.89
506.00
642713
919.44
506.00
643714
918.67
506.00
644713
918.11
506.00
645713
918.00
506.22
646713
917.78
506.00
647713
919.00
506.11
648714
919.78
506.00
649713
920.89
506.11
650714
921.89
506.00
651713
922.56
506.00
652713
923.33
506.00
653713
923.00
506.00
654713
922.78
506.00
655713
923.22
506.00
656713
923.56
506.00
657714
923.33
506.00
658713
922.67
506.00
659714
922.22
506.00
660713
922.44
506.11
661713
922.22
506.00
662713
922.00
506.00
663713
923.56
506.22
664714
924.00
506.33
665713
924.44
506.56
666714
924.22
506.67
667713
924.56
506.67
668713
925.44
506.89
669713
926.44
507.00
670713
926.67
507.00
671713
927.44
507.00
672713
927.89
507.00
673714
928.78
506.89
674713
928.56
507.00
675714
928.78
506.89
676713
929.11
506.89
677713
929.89
506.44
678713
930.56
506.67
679713
930.67
506.33
680714
930.78
506.56
681713
930.44
506.67
682714
930.33
506.56
683713
930.44
506.67
684713
930.78
506.00
685713
930.56
506.22
686713
930.78
506.44
687713
930.89
506.67
688713
931.78
506.89
689714
931.78
506.11
690713
931.56
506.22
691714
930.89
506.33
692713
931.22
506.22
693713
930.78
506.11
694713
930.78
506.11
695713
931.33
506.11
696714
931.11
506.22
697713
931.00
506.11
698714
932.00
506.22
699713
932.33
506.33
700713
932.78
506.78
701713
933.33
506.67
702713
933.67
506.89
703713
933.89
506.67
704713
934.33
507.00
705714
935.00
507.00
706713
936.00
507.00
707714
936.89
507.00
708713
937.22
507.00
709713
938.11
507.00
710713
937.00
507.00
711713
937.00
506.78
712714
936.89
507.00